CA_v1.1_transect_definitions.txt                                April 2016
--------------------------------------------------------------------------------
Liseted below are the transects used with the MOP v1.1 model. Columns are
tab-delimited and defined as follows.

Column 1: Sequence number, transects are numbered from south to north

Column 2: Label, composed of a 1 or 2 character county label plus the transect
  number within that county. E.g. OC478 is the 478th transect in Orange County.

Column 3: Backbeach longitude, in decimal degrees. (Used by the model for
  calculating the shore normal and related parameters.)

Column 4: Backbeach latitude, in decimal degrees. (Used by the model for
  calculating the shore normal and related parameters.)

Column 5: Prediction site longitude, in decimal degrees.

Column 6: Prediction site latitude, in decimal degrees.

Column 7: Prediction site depth, in meters.

Column 8: Shore normal, in degrees true.

Column 9: Shore type flag. Sites with a value of 1 - indicating a natural
  coastline with planar bathymetry - will have extended nearshore parameters
  (Sxy, Sxx, Dm) included in the predictions. Other flag values are
  0 - coastal structures; 2 - complex bathymetry; 3 - offshore or unspecified.

--------------------------------------------------------------------------------
1	D0001	-117.12410	32.53430	-117.12917	32.53426	-10.03	269.46	1
2	D0002	-117.12410	32.53520	-117.12917	32.53524	-10.03	270.54	1
3	D0003	-117.12410	32.53610	-117.12918	32.53587	-10.01	266.93	1
4	D0004	-117.12420	32.53700	-117.12925	32.53678	-10.00	267.04	1
5	D0005	-117.12420	32.53790	-117.12933	32.53771	-10.02	267.48	1
6	D0006	-117.12430	32.53880	-117.12940	32.53857	-10.01	266.94	1
7	D0007	-117.12430	32.53970	-117.12951	32.53951	-10.00	267.52	1
8	D0008	-117.12440	32.54060	-117.12956	32.54018	-10.01	264.49	1
9	D0009	-117.12450	32.54150	-117.12978	32.54083	-10.09	261.44	1
10	D0010	-117.12470	32.54240	-117.13010	32.54156	-9.99	259.55	1
11	D0011	-117.12490	32.54330	-117.13025	32.54247	-10.01	259.57	1
12	D0012	-117.12510	32.54420	-117.13043	32.54337	-10.00	259.53	1
13	D0013	-117.12530	32.54510	-117.13081	32.54420	-10.00	259.03	1
14	D0014	-117.12550	32.54600	-117.13152	32.54502	-10.00	259.07	1
15	D0015	-117.12570	32.54690	-117.13221	32.54584	-10.00	259.07	1
16	D0016	-117.12590	32.54780	-117.13268	32.54663	-10.00	258.43	1
17	D0017	-117.12610	32.54860	-117.13303	32.54747	-10.00	259.05	1
18	D0018	-117.12630	32.54950	-117.13351	32.54810	-10.00	257.03	1
19	D0019	-117.12660	32.55040	-117.13402	32.54890	-10.00	256.51	1
20	D0020	-117.12680	32.55130	-117.13454	32.54979	-10.00	256.97	1
21	D0021	-117.12710	32.55220	-117.13500	32.55048	-10.01	255.52	1
22	D0022	-117.12730	32.55300	-117.13560	32.55094	-10.00	253.59	2
23	D0023	-117.12770	32.55390	-117.13584	32.55120	-10.00	248.52	1
24	D0024	-117.12810	32.55470	-117.13661	32.55201	-10.00	249.44	1
25	D0025	-117.12840	32.55550	-117.13744	32.55288	-10.01	251.02	1
26	D0026	-117.12880	32.55640	-117.13792	32.55330	-10.00	248.04	1
27	D0027	-117.12920	32.55720	-117.13876	32.55395	-10.01	248.03	1
28	D0028	-117.12960	32.55810	-117.13951	32.55473	-10.00	248.03	1
29	D0029	-117.13000	32.55890	-117.14080	32.55503	-10.01	246.97	1
30	D0030	-117.13040	32.55970	-117.14198	32.55536	-10.00	246.03	1
31	D0031	-117.13090	32.56060	-117.14327	32.55595	-10.01	245.96	1
32	D0032	-117.13130	32.56140	-117.14532	32.55722	-10.00	250.52	1
33	D0033	-117.13160	32.56230	-117.14871	32.55803	-10.00	253.51	1
34	D0034	-117.13190	32.56310	-117.15016	32.55912	-10.00	255.50	1
35	D0035	-117.13210	32.56400	-117.15001	32.56041	-10.00	256.62	1
36	D0036	-117.13240	32.56490	-117.14924	32.56175	-10.00	257.49	2
37	D0037	-117.13260	32.56580	-117.14951	32.56290	-10.01	258.50	2
38	D0038	-117.13280	32.56660	-117.14934	32.56514	-10.00	264.02	1
39	D0039	-117.13280	32.56750	-117.14917	32.56684	-10.08	267.26	1
40	D0040	-117.13290	32.56840	-117.14915	32.56852	-10.00	270.50	1
41	D0041	-117.13280	32.56930	-117.14776	32.57040	-10.00	274.99	2
42	D0042	-117.13270	32.57020	-117.14783	32.57063	-10.00	271.93	2
43	D0043	-117.13270	32.57110	-117.14917	32.57183	-10.08	273.01	1
44	D0044	-117.13260	32.57200	-117.14896	32.57320	-10.00	274.97	1
45	D0045	-117.13250	32.57290	-117.14911	32.57346	-10.00	272.29	1
46	D0046	-117.13250	32.57380	-117.14660	32.57442	-10.00	272.99	1
47	D0047	-117.13240	32.57470	-117.14562	32.57516	-10.00	272.36	1
48	D0048	-117.13240	32.57560	-117.14500	32.57560	-9.87	270.00	1
49	D0049	-117.13240	32.57650	-117.14400	32.57594	-10.00	266.72	1
50	D0050	-117.13250	32.57740	-117.14195	32.57705	-10.00	267.48	1
51	D0051	-117.13250	32.57840	-117.14229	32.57797	-10.00	267.02	1
52	D0052	-117.13260	32.57930	-117.14230	32.57851	-10.00	264.48	1
53	D0053	-117.13270	32.58020	-117.14184	32.57986	-10.00	267.47	1
54	D0054	-117.13270	32.58110	-117.14165	32.58110	-10.00	270.00	1
55	D0055	-117.13270	32.58200	-117.14138	32.58200	-10.00	270.00	1
56	D0056	-117.13270	32.58290	-117.14066	32.58325	-10.01	272.99	1
57	D0057	-117.13260	32.58380	-117.14034	32.58409	-10.00	272.55	1
58	D0058	-117.13260	32.58470	-117.14029	32.58504	-10.00	273.00	1
59	D0059	-117.13250	32.58560	-117.13978	32.58619	-10.00	275.49	1
60	D0060	-117.13240	32.58650	-117.13949	32.58707	-10.00	275.45	1
61	D0061	-117.13230	32.58740	-117.13947	32.58772	-10.00	273.03	1
62	D0062	-117.13230	32.58830	-117.13960	32.58857	-10.00	272.51	1
63	D0063	-117.13220	32.58920	-117.13912	32.58945	-10.00	272.46	1
64	D0064	-117.13220	32.59010	-117.13902	32.59010	-10.01	270.00	1
65	D0065	-117.13220	32.59100	-117.13892	32.59075	-10.00	267.47	1
66	D0066	-117.13230	32.59190	-117.13897	32.59166	-10.01	267.55	1
67	D0067	-117.13230	32.59280	-117.13881	32.59280	-10.00	270.00	1
68	D0068	-117.13230	32.59370	-117.13883	32.59346	-10.00	267.50	1
69	D0069	-117.13240	32.59460	-117.13868	32.59432	-10.00	266.97	1
70	D0070	-117.13240	32.59550	-117.13885	32.59526	-10.00	267.47	1
71	D0071	-117.13250	32.59640	-117.13893	32.59588	-10.00	264.52	1
72	D0072	-117.13260	32.59730	-117.13889	32.59679	-10.02	264.50	1
73	D0073	-117.13270	32.59820	-117.13879	32.59771	-9.99	264.54	1
74	D0074	-117.13280	32.59910	-117.13898	32.59859	-10.00	264.41	1
75	D0075	-117.13290	32.60000	-117.13941	32.59947	-10.00	264.48	1
76	D0076	-117.13300	32.60090	-117.13910	32.60040	-10.01	264.44	1
77	D0077	-117.13310	32.60180	-117.13900	32.60101	-10.01	260.97	1
78	D0078	-117.13330	32.60260	-117.13925	32.60185	-10.01	261.49	1
79	D0079	-117.13340	32.60350	-117.13944	32.60301	-10.01	264.50	1
80	D0080	-117.13350	32.60440	-117.13972	32.60366	-10.00	261.96	1
81	D0081	-117.13370	32.60530	-117.13970	32.60459	-10.01	262.00	1
82	D0082	-117.13380	32.60620	-117.13956	32.60573	-10.00	264.47	1
83	D0083	-117.13390	32.60710	-117.13964	32.60664	-10.00	264.57	1
84	D0084	-117.13400	32.60800	-117.13966	32.60733	-10.02	262.00	1
85	D0085	-117.13420	32.60890	-117.13976	32.60799	-10.01	259.00	1
86	D0086	-117.13440	32.60980	-117.14018	32.60889	-10.01	259.41	1
87	D0087	-117.13460	32.61070	-117.14034	32.60980	-10.01	259.46	1
88	D0088	-117.13480	32.61160	-117.14035	32.61065	-10.01	258.51	1
89	D0089	-117.13500	32.61240	-117.14032	32.61157	-10.01	259.51	1
90	D0090	-117.13520	32.61330	-117.14058	32.61246	-10.01	259.50	1
91	D0091	-117.13540	32.61420	-117.14097	32.61329	-10.00	259.02	1
92	D0092	-117.13560	32.61510	-117.14127	32.61417	-10.02	258.98	1
93	D0093	-117.13580	32.61600	-117.14153	32.61506	-10.01	258.98	1
94	D0094	-117.13600	32.61690	-117.14154	32.61608	-10.00	260.03	1
95	D0095	-117.13620	32.61780	-117.14163	32.61662	-10.01	255.53	1
96	D0096	-117.13650	32.61860	-117.14187	32.61726	-10.01	253.50	1
97	D0097	-117.13680	32.61950	-117.14222	32.61840	-10.02	256.45	1
98	D0098	-117.13700	32.62040	-117.14246	32.61934	-10.00	257.02	1
99	D0099	-117.13730	32.62130	-117.14278	32.62015	-10.00	256.01	1
100	D0100	-117.13750	32.62210	-117.14301	32.62099	-10.00	256.55	1
101	D0101	-117.13780	32.62300	-117.14318	32.62153	-10.01	252.03	1
102	D0102	-117.13820	32.62390	-117.14352	32.62209	-9.99	248.00	1
103	D0103	-117.13860	32.62470	-117.14395	32.62310	-10.01	250.45	1
104	D0104	-117.13890	32.62560	-117.14436	32.62424	-10.01	253.52	1
105	D0105	-117.13920	32.62640	-117.14467	32.62503	-10.02	253.44	1
106	D0106	-117.13950	32.62730	-117.14537	32.62588	-10.00	253.97	1
107	D0107	-117.13980	32.62820	-117.14575	32.62672	-10.00	253.55	1
108	D0108	-117.14010	32.62900	-117.14620	32.62728	-10.00	251.49	1
109	D0109	-117.14050	32.62990	-117.14629	32.62793	-10.01	248.00	1
110	D0110	-117.14090	32.63070	-117.14686	32.62857	-10.00	247.01	1
111	D0111	-117.14130	32.63150	-117.14754	32.62938	-10.00	248.03	1
112	D0112	-117.14170	32.63240	-117.14822	32.63018	-9.99	247.99	1
113	D0113	-117.14210	32.63320	-117.14874	32.63117	-10.01	250.05	1
114	D0114	-117.14240	32.63400	-117.14916	32.63210	-10.00	251.54	1
115	D0115	-117.14280	32.63490	-117.14954	32.63266	-10.01	248.46	1
116	D0116	-117.14320	32.63570	-117.14976	32.63307	-10.00	244.54	1
117	D0117	-117.14370	32.63650	-117.15031	32.63390	-10.00	244.96	1
118	D0118	-117.14410	32.63730	-117.15102	32.63500	-10.07	248.46	1
119	D0119	-117.14450	32.63820	-117.15151	32.63587	-10.00	248.46	1
120	D0120	-117.14490	32.63900	-117.15193	32.63667	-9.96	248.52	1
121	D0121	-117.14530	32.63990	-117.15242	32.63754	-10.01	248.51	1
122	D0122	-117.14570	32.64070	-117.15263	32.63822	-10.00	246.98	1
123	D0123	-117.14610	32.64150	-117.15333	32.63934	-10.01	250.47	2
124	D0124	-117.14640	32.64240	-117.15386	32.64024	-10.00	251.02	1
125	D0125	-117.14680	32.64320	-117.15433	32.64070	-10.00	248.48	1
126	D0126	-117.14720	32.64410	-117.15495	32.64179	-10.01	250.51	2
127	D0127	-117.14750	32.64490	-117.15514	32.64231	-10.00	248.07	2
128	D0128	-117.14800	32.64580	-117.15526	32.64249	-10.00	241.57	2
129	D0129	-117.14850	32.64650	-117.15565	32.64309	-9.99	240.47	1
130	D0130	-117.14900	32.64730	-117.15610	32.64385	-10.01	240.01	1
131	D0131	-117.14960	32.64810	-117.15681	32.64460	-10.00	240.04	1
132	D0132	-117.15010	32.64890	-117.15696	32.64521	-10.01	237.43	1
133	D0133	-117.15070	32.64960	-117.15723	32.64561	-10.01	234.03	1
134	D0134	-117.15130	32.65030	-117.15797	32.64651	-10.00	235.99	1
135	D0135	-117.15190	32.65110	-117.15879	32.64741	-10.00	237.54	1
136	D0136	-117.15250	32.65190	-117.15952	32.64875	-10.00	241.95	1
137	D0137	-117.15290	32.65270	-117.16069	32.64964	-10.00	244.99	1
138	D0138	-117.15340	32.65350	-117.16096	32.65046	-10.00	244.47	1
139	D0139	-117.15380	32.65430	-117.16138	32.65133	-10.00	245.04	1
140	D0140	-117.15430	32.65510	-117.16187	32.65171	-10.00	241.99	1
141	D0141	-117.15480	32.65590	-117.16268	32.65237	-10.00	241.98	1
142	D0142	-117.15530	32.65670	-117.16306	32.65323	-10.01	242.03	1
143	D0143	-117.15580	32.65750	-117.16389	32.65411	-10.00	243.54	2
144	D0144	-117.15620	32.65840	-117.16431	32.65461	-10.00	240.97	1
145	D0145	-117.15680	32.65910	-117.16491	32.65524	-10.00	240.52	2
146	D0146	-117.15730	32.65990	-117.16567	32.65583	-10.00	239.99	1
147	D0147	-117.15790	32.66070	-117.16592	32.65606	-10.01	235.50	1
148	D0148	-117.15850	32.66140	-117.16675	32.65698	-10.00	237.53	1
149	D0149	-117.15900	32.66220	-117.16750	32.65770	-10.07	237.84	1
150	D0150	-117.15960	32.66290	-117.16789	32.65828	-10.00	236.50	1
151	D0151	-117.16020	32.66370	-117.16827	32.65869	-10.00	233.59	1
152	D0152	-117.16090	32.66440	-117.16840	32.65955	-10.01	232.47	1
153	D0153	-117.16150	32.66510	-117.16875	32.66091	-10.00	235.53	2
154	D0154	-117.16210	32.66590	-117.16934	32.66129	-10.00	232.90	2
155	D0155	-117.16280	32.66660	-117.16954	32.66140	-10.00	227.50	1
156	D0156	-117.16350	32.66720	-117.16961	32.66144	-10.00	221.77	2
157	D0157	-117.16440	32.66780	-117.17036	32.66181	-10.00	219.95	2
158	D0158	-117.16520	32.66840	-117.17136	32.66293	-10.00	223.47	1
159	D0159	-117.16590	32.66900	-117.17211	32.66359	-10.00	224.02	1
160	D0160	-117.16670	32.66960	-117.17306	32.66434	-10.00	225.51	2
161	D0161	-117.16740	32.67030	-117.17371	32.66500	-10.01	225.06	1
162	D0162	-117.16820	32.67090	-117.17413	32.66535	-10.00	221.97	1
163	D0163	-117.16900	32.67150	-117.17516	32.66603	-10.00	223.47	1
164	D0164	-117.16970	32.67210	-117.17582	32.66677	-10.00	224.03	1
165	D0165	-117.17050	32.67270	-117.17667	32.66732	-9.99	223.99	1
166	D0166	-117.17130	32.67340	-117.17755	32.66795	-10.00	223.99	1
167	D0167	-117.17210	32.67400	-117.17811	32.66838	-10.00	221.99	1
168	D0168	-117.17290	32.67460	-117.17891	32.66898	-10.00	221.99	2
169	D0169	-117.17370	32.67520	-117.17988	32.66932	-10.00	221.50	2
170	D0170	-117.17450	32.67580	-117.18089	32.67014	-10.00	223.54	2
171	D0171	-117.17520	32.67640	-117.18182	32.67053	-10.01	223.51	2
172	D0172	-117.17600	32.67700	-117.18287	32.67101	-10.00	223.99	2
173	D0173	-117.17680	32.67770	-117.18382	32.67148	-10.00	223.53	2
174	D0174	-117.17760	32.67830	-117.18452	32.67172	-10.00	221.52	2
175	D0175	-117.17840	32.67890	-117.18633	32.67268	-10.00	227.02	2
176	D0176	-117.17900	32.67960	-117.18748	32.67335	-10.00	228.80	2
177	D0177	-117.17970	32.68020	-117.18781	32.67361	-10.00	226.01	2
178	D0178	-117.18050	32.68090	-117.18798	32.67370	-10.00	221.17	2
179	D0179	-117.18130	32.68140	-117.18846	32.67395	-10.00	218.97	2
180	D0180	-117.18220	32.68200	-117.19032	32.67356	-10.00	219.00	2
181	D0181	-117.18300	32.68260	-117.19120	32.67358	-10.00	217.42	2
182	D0182	-117.18380	32.68310	-117.19120	32.67358	-10.00	213.20	2
183	D0183	-117.18480	32.68360	-117.19120	32.67358	-10.00	208.26	2
184	D0184	-117.18570	32.68400	-117.19366	32.67167	-9.98	208.52	2
185	D0185	-117.18660	32.68450	-117.19467	32.67143	-10.00	207.46	2
186	D0186	-117.18760	32.68490	-117.19467	32.67143	-10.00	203.84	2
187	D0187	-117.18860	32.68520	-117.19493	32.67131	-10.00	200.99	2
188	D0188	-117.18960	32.68550	-117.19557	32.67089	-10.00	198.98	2
189	D0189	-117.19050	32.68590	-117.19630	32.67000	-10.07	197.07	2
190	D0190	-117.19160	32.68610	-117.19630	32.67000	-10.07	193.81	2
191	D0191	-117.19260	32.68630	-117.19630	32.67000	-10.07	190.82	2
192	D0192	-117.19370	32.68640	-117.19797	32.66875	-10.00	191.51	2
193	D0193	-117.19470	32.68660	-117.20069	32.66637	-10.00	194.00	2
194	D0194	-117.19570	32.68690	-117.20184	32.66417	-9.98	192.81	2
195	D0195	-117.19670	32.68710	-117.20184	32.66417	-9.98	190.69	2
196	D0196	-117.19780	32.68730	-117.20184	32.66417	-9.98	188.36	2
197	D0197	-117.19880	32.68750	-117.20184	32.66417	-9.98	186.26	2
198	D0198	-117.19990	32.68750	-117.20184	32.66417	-9.98	184.00	2
199	D0199	-117.20100	32.68750	-117.20184	32.66417	-9.98	181.74	2
200	D0200	-117.20200	32.68750	-117.20184	32.66417	-9.98	179.67	2
201	D0201	-117.20310	32.68750	-117.20310	32.66219	-10.00	180.00	2
202	D0202	-117.20420	32.68760	-117.20365	32.66098	-10.00	179.00	2
203	D0203	-117.20520	32.68760	-117.20365	32.66098	-10.00	177.19	2
204	D0204	-117.20630	32.68750	-117.20365	32.66098	-10.00	175.19	2
205	D0205	-117.20740	32.68750	-117.20365	32.66098	-10.00	173.21	2
206	D0206	-117.20840	32.68740	-117.20365	32.66098	-10.00	171.39	2
207	D0207	-117.20950	32.68740	-117.20365	32.66098	-10.00	169.44	2
208	D0208	-117.21050	32.68730	-117.20365	32.66098	-10.00	167.64	2
209	D0209	-117.21160	32.68730	-117.20365	32.66098	-10.00	165.73	2
210	D0210	-117.21270	32.68720	-117.20365	32.66098	-10.00	163.80	2
211	D0211	-117.21370	32.68710	-117.20365	32.66098	-10.00	162.05	2
212	D0212	-117.21480	32.68690	-117.20365	32.66098	-10.00	160.09	2
213	D0213	-117.21580	32.68670	-117.20365	32.66098	-10.00	158.31	2
214	D0214	-117.21680	32.68640	-117.20365	32.66098	-10.00	156.47	2
215	D0215	-117.21780	32.68610	-117.20365	32.66098	-10.00	154.63	2
216	D0216	-117.21880	32.68570	-117.20365	32.66098	-10.00	152.71	2
217	D0217	-117.21980	32.68540	-117.20365	32.66098	-10.00	150.89	2
218	D0218	-117.22080	32.68500	-117.20365	32.66098	-10.00	148.99	2
219	D0219	-117.22170	32.68460	-117.20365	32.66098	-10.00	147.24	2
220	D0220	-117.22260	32.68420	-117.20365	32.66098	-10.00	145.51	2
221	D0221	-117.22330	32.68350	-117.20365	32.66098	-10.00	143.70	0
222	D0222	-117.22350	32.68260	-117.20365	32.66098	-10.00	142.30	0
223	D0223	-117.22350	32.68170	-117.20365	32.66098	-10.00	141.11	0
224	D0224	-117.22420	32.68110	-117.20365	32.66098	-10.00	139.31	0
225	D0225	-117.22500	32.68050	-117.20411	32.66063	-10.00	138.49	0
226	D0226	-117.22580	32.67990	-117.20425	32.66042	-10.01	137.04	0
227	D0227	-117.22660	32.67930	-117.20425	32.66042	-10.01	135.10	0
228	D0228	-117.22740	32.67860	-117.22740	32.67860	-10.08	999.99	0
229	D0229	-117.22810	32.67800	-117.22810	32.67800	-13.40	999.99	0
230	D0230	-117.22890	32.67740	-117.22890	32.67739	-14.49	180.00	0
231	D0231	-117.22970	32.67680	-117.22970	32.67680	-14.88	999.99	0
232	D0232	-117.23050	32.67620	-117.23050	32.67620	-15.67	999.99	0
233	D0233	-117.23130	32.67560	-117.23130	32.67559	-16.74	180.00	0
234	D0234	-117.23200	32.67500	-117.23200	32.67500	-13.13	999.99	0
235	D0235	-117.23280	32.67430	-117.23250	32.67424	-10.53	103.37	0
236	D0236	-117.23360	32.67370	-117.23239	32.67286	-10.00	129.51	0
237	D0237	-117.23440	32.67310	-117.23201	32.67098	-10.01	136.50	0
238	D0238	-117.23520	32.67250	-117.23184	32.66973	-10.00	134.40	0
239	D0239	-117.23590	32.67190	-117.23181	32.66945	-10.00	125.44	0
240	D0240	-117.23640	32.67110	-117.23177	32.66895	-10.02	118.88	2
241	D0241	-117.23710	32.67040	-117.23172	32.66854	-10.02	112.33	2
242	D0242	-117.23740	32.66950	-117.23172	32.66854	-10.02	101.35	2
243	D0243	-117.23730	32.66870	-117.23167	32.66791	-10.51	99.46	2
244	D0244	-117.23750	32.66780	-117.23135	32.66587	-10.02	110.44	2
245	D0245	-117.23810	32.66700	-117.23083	32.66287	-10.83	124.01	2
246	D0246	-117.23870	32.66630	-117.23167	32.65937	-10.01	139.50	1
247	D0247	-117.23960	32.66590	-117.23725	32.66060	-10.00	159.53	1
248	D0248	-117.24070	32.66570	-117.23837	32.65937	-10.00	162.78	1
249	D0249	-117.24170	32.66540	-117.23837	32.65937	-10.00	155.07	2
250	D0250	-117.24260	32.66500	-117.24260	32.65416	-10.08	180.00	2
251	D0251	-117.24350	32.66540	-117.24807	32.66074	-10.00	219.54	1
252	D0252	-117.24420	32.66610	-117.24954	32.66290	-10.00	234.56	1
253	D0253	-117.24470	32.66680	-117.25084	32.66461	-10.27	247.04	2
254	D0254	-117.24500	32.66770	-117.25267	32.66633	-10.00	258.02	1
255	D0255	-117.24480	32.66850	-117.25527	32.66710	-10.00	260.97	1
256	D0256	-117.24530	32.66930	-117.25562	32.66785	-10.01	260.52	2
257	D0257	-117.24540	32.67000	-117.25630	32.66944	-10.01	266.51	2
258	D0258	-117.24520	32.67090	-117.25651	32.67033	-10.01	266.57	2
259	D0259	-117.24550	32.67180	-117.25659	32.67065	-10.01	262.98	2
260	D0260	-117.24550	32.67270	-117.25663	32.67081	-10.00	258.59	2
261	D0261	-117.24550	32.67360	-117.25663	32.67081	-10.00	253.42	2
262	D0262	-117.24600	32.67430	-117.25663	32.67081	-10.00	248.69	2
263	D0263	-117.24660	32.67500	-117.25695	32.67225	-10.01	252.48	2
264	D0264	-117.24680	32.67590	-117.25750	32.67398	-10.01	257.97	2
265	D0265	-117.24700	32.67680	-117.25764	32.67413	-10.00	253.40	1
266	D0266	-117.24740	32.67760	-117.25764	32.67429	-10.01	248.99	2
267	D0267	-117.24780	32.67840	-117.25787	32.67506	-10.01	248.49	1
268	D0268	-117.24820	32.67930	-117.25808	32.67643	-10.01	250.96	1
269	D0269	-117.24850	32.68010	-117.25834	32.67819	-10.60	257.01	2
270	D0270	-117.24840	32.68100	-117.25824	32.67924	-10.01	258.00	2
271	D0271	-117.24830	32.68190	-117.25824	32.67924	-10.01	252.36	2
272	D0272	-117.24860	32.68270	-117.25824	32.67924	-10.01	246.91	2
273	D0273	-117.24950	32.68300	-117.25871	32.68010	-10.00	249.49	2
274	D0274	-117.24980	32.68380	-117.25980	32.68232	-10.00	260.03	2
275	D0275	-117.24980	32.68470	-117.26057	32.68380	-9.99	264.33	1
276	D0276	-117.25000	32.68560	-117.26068	32.68410	-10.01	260.53	1
277	D0277	-117.25020	32.68650	-117.26086	32.68524	-9.99	262.01	2
278	D0278	-117.25020	32.68740	-117.26096	32.68603	-10.03	261.40	2
279	D0279	-117.25010	32.68830	-117.26096	32.68603	-10.03	256.05	2
280	D0280	-117.25020	32.68920	-117.26096	32.68603	-10.03	250.71	2
281	D0281	-117.25080	32.68990	-117.26096	32.68603	-10.03	245.65	2
282	D0282	-117.25140	32.69060	-117.26096	32.68603	-10.03	240.40	2
283	D0283	-117.25210	32.69130	-117.26096	32.68603	-10.03	234.75	2
284	D0284	-117.25280	32.69200	-117.26204	32.68837	-10.01	244.98	2
285	D0285	-117.25300	32.69280	-117.26299	32.69101	-10.02	257.98	2
286	D0286	-117.25300	32.69370	-117.26302	32.69131	-10.00	254.18	2
287	D0287	-117.25350	32.69450	-117.26302	32.69131	-10.00	248.29	2
288	D0288	-117.25400	32.69530	-117.26338	32.69318	-10.02	254.97	2
289	D0289	-117.25410	32.69620	-117.26417	32.69485	-10.06	260.95	2
290	D0290	-117.25430	32.69700	-117.26419	32.69500	-10.02	256.49	1
291	D0291	-117.25450	32.69790	-117.26421	32.69508	-10.03	250.96	2
292	D0292	-117.25500	32.69870	-117.26434	32.69607	-10.00	251.50	2
293	D0293	-117.25530	32.69960	-117.26466	32.69849	-10.01	261.98	1
294	D0294	-117.25530	32.70050	-117.26436	32.70050	-10.00	270.00	1
295	D0295	-117.25530	32.70140	-117.26399	32.70147	-10.01	270.55	2
296	D0296	-117.25520	32.70230	-117.26364	32.70189	-10.01	266.70	1
297	D0297	-117.25540	32.70320	-117.26359	32.70205	-10.01	260.53	1
298	D0298	-117.25560	32.70400	-117.26348	32.70301	-10.01	261.51	1
299	D0299	-117.25570	32.70490	-117.26340	32.70456	-10.01	267.00	1
300	D0300	-117.25570	32.70580	-117.26353	32.70580	-9.98	270.00	1
301	D0301	-117.25570	32.70670	-117.26367	32.70705	-10.01	272.99	1
302	D0302	-117.25560	32.70760	-117.26383	32.70815	-10.00	274.54	2
303	D0303	-117.25540	32.70850	-117.26389	32.70845	-10.02	269.60	2
304	D0304	-117.25550	32.70940	-117.26389	32.70845	-10.02	262.34	2
305	D0305	-117.25580	32.71030	-117.26397	32.70903	-10.00	259.53	2
306	D0306	-117.25600	32.71120	-117.26417	32.71017	-10.14	261.48	1
307	D0307	-117.25610	32.71210	-117.26445	32.71143	-10.01	264.55	1
308	D0308	-117.25620	32.71300	-117.26476	32.71231	-10.00	264.53	1
309	D0309	-117.25630	32.71380	-117.26479	32.71311	-10.01	264.48	1
310	D0310	-117.25640	32.71470	-117.26524	32.71483	-10.02	271.00	2
311	D0311	-117.25590	32.71550	-117.26558	32.71606	-10.02	273.93	2
312	D0312	-117.25580	32.71640	-117.26558	32.71606	-10.02	267.63	2
313	D0313	-117.25600	32.71720	-117.26558	32.71606	-10.02	261.95	2
314	D0314	-117.25630	32.71810	-117.26558	32.71606	-10.02	255.36	2
315	D0315	-117.25680	32.71890	-117.26563	32.71670	-10.01	253.50	2
316	D0316	-117.25710	32.71980	-117.26556	32.71848	-10.01	259.49	1
317	D0317	-117.25720	32.72070	-117.26493	32.72007	-10.01	264.47	1
318	D0318	-117.25730	32.72160	-117.26478	32.72127	-10.00	267.00	2
319	D0319	-117.25730	32.72250	-117.26469	32.72192	-10.00	264.67	2
320	D0320	-117.25740	32.72330	-117.26469	32.72192	-10.00	257.32	1
321	D0321	-117.25780	32.72420	-117.26482	32.72262	-10.00	255.02	2
322	D0322	-117.25800	32.72500	-117.26516	32.72511	-10.00	271.05	1
323	D0323	-117.25780	32.72560	-117.26610	32.72849	-10.00	292.48	2
324	D0324	-117.25700	32.72610	-117.26442	32.72895	-10.00	294.54	2
325	D0325	-117.25630	32.72680	-117.26442	32.72895	-10.00	287.47	2
326	D0326	-117.25590	32.72760	-117.26442	32.72895	-10.00	280.67	1
327	D0327	-117.25610	32.72850	-117.26442	32.72895	-10.00	273.68	2
328	D0328	-117.25640	32.72930	-117.26442	32.72895	-10.00	267.03	2
329	D0329	-117.25680	32.73010	-117.26409	32.72978	-10.01	267.01	2
330	D0330	-117.25680	32.73100	-117.26365	32.73100	-10.01	270.00	1
331	D0331	-117.25680	32.73190	-117.26389	32.73185	-10.01	269.52	1
332	D0332	-117.25680	32.73280	-117.26395	32.73222	-9.99	264.49	1
333	D0333	-117.25690	32.73340	-117.26405	32.73441	-10.01	279.53	2
334	D0334	-117.25640	32.73410	-117.26459	32.73698	-10.00	292.69	2
335	D0335	-117.25600	32.73490	-117.26459	32.73698	-10.00	286.06	2
336	D0336	-117.25590	32.73580	-117.26458	32.73776	-10.00	285.03	2
337	D0337	-117.25560	32.73660	-117.26447	32.73843	-10.00	283.78	1
338	D0338	-117.25540	32.73750	-117.26439	32.73883	-10.00	279.98	1
339	D0339	-117.25520	32.73840	-117.26432	32.73909	-10.00	275.14	1
340	D0340	-117.25520	32.73930	-117.26417	32.73983	-10.08	274.02	1
341	D0341	-117.25510	32.74020	-117.26406	32.74060	-10.00	273.04	1
342	D0342	-117.25510	32.74110	-117.26403	32.74143	-10.00	272.52	2
343	D0343	-117.25500	32.74200	-117.26405	32.74216	-10.00	271.20	2
344	D0344	-117.25500	32.74290	-117.26405	32.74216	-10.00	264.45	1
345	D0345	-117.25520	32.74380	-117.26412	32.74248	-10.00	260.02	2
346	D0346	-117.25540	32.74470	-117.26427	32.74438	-10.00	267.54	1
347	D0347	-117.25530	32.74560	-117.26356	32.74701	-10.00	281.47	1
348	D0348	-117.25500	32.74640	-117.26353	32.75005	-10.01	296.97	2
349	D0349	-117.25420	32.74680	-117.26375	32.75236	-10.00	304.69	2
350	D0350	-117.25340	32.74730	-117.26375	32.75236	-10.00	300.17	2
351	D0351	-117.25310	32.74820	-117.26375	32.75236	-10.00	294.91	2
352	D0352	-117.25280	32.74910	-117.26375	32.75236	-10.00	289.49	1
353	D0353	-117.25250	32.75000	-117.26375	32.75236	-10.00	284.01	2
354	D0354	-117.25240	32.75090	-117.26375	32.75236	-10.00	278.70	2
355	D0355	-117.25230	32.75170	-117.26375	32.75236	-10.00	273.92	2
356	D0356	-117.25240	32.75260	-117.26375	32.75236	-10.00	268.56	2
357	D0357	-117.25250	32.75350	-117.26366	32.75276	-10.00	265.49	2
358	D0358	-117.25260	32.75440	-117.26352	32.75351	-10.00	264.46	2
359	D0359	-117.25270	32.75530	-117.26337	32.75404	-10.00	262.01	1
360	D0360	-117.25290	32.75620	-117.26295	32.75501	-10.00	261.99	0
361	D0361	-117.25300	32.75710	-117.26231	32.75628	-9.99	264.02	0
362	D0362	-117.25310	32.75800	-117.26213	32.75734	-10.01	265.03	0
363	D0363	-117.25320	32.75890	-117.26202	32.75819	-10.01	264.53	0
364	D0364	-117.25330	32.75980	-117.26156	32.75944	-10.01	267.03	1
365	D0365	-117.25330	32.76070	-117.26122	32.76105	-10.00	273.01	1
366	D0366	-117.25320	32.76160	-117.26093	32.76223	-10.01	275.54	1
367	D0367	-117.25310	32.76250	-117.26076	32.76284	-10.00	273.02	1
368	D0368	-117.25310	32.76340	-117.26061	32.76368	-10.00	272.54	1
369	D0369	-117.25300	32.76430	-117.26045	32.76490	-10.01	275.47	1
370	D0370	-117.25290	32.76520	-117.26051	32.76582	-10.01	275.53	1
371	D0371	-117.25280	32.76610	-117.26054	32.76639	-10.00	272.55	1
372	D0372	-117.25280	32.76700	-117.26043	32.76706	-10.01	270.54	1
373	D0373	-117.25280	32.76790	-117.26041	32.76790	-10.01	270.00	1
374	D0374	-117.25280	32.76880	-117.26041	32.76846	-10.00	266.96	1
375	D0375	-117.25290	32.76970	-117.26036	32.76942	-10.00	267.44	1
376	D0376	-117.25290	32.77060	-117.26026	32.77028	-10.00	267.04	1
377	D0377	-117.25300	32.77150	-117.26047	32.77122	-10.01	267.45	1
378	D0378	-117.25300	32.77240	-117.26064	32.77240	-10.01	270.00	1
379	D0379	-117.25300	32.77330	-117.26046	32.77297	-10.00	266.99	1
380	D0380	-117.25310	32.77420	-117.26031	32.77394	-10.01	267.54	1
381	D0381	-117.25310	32.77510	-117.26040	32.77478	-10.00	267.02	1
382	D0382	-117.25320	32.77600	-117.26045	32.77573	-10.00	267.46	1
383	D0383	-117.25320	32.77690	-117.26049	32.77658	-10.00	267.01	1
384	D0384	-117.25330	32.77780	-117.26074	32.77753	-10.00	267.53	1
385	D0385	-117.25330	32.77870	-117.26086	32.77837	-9.99	267.03	1
386	D0386	-117.25340	32.77960	-117.26105	32.77926	-10.01	266.97	1
387	D0387	-117.25340	32.78050	-117.26115	32.78021	-10.00	267.45	1
388	D0388	-117.25350	32.78140	-117.26125	32.78077	-10.01	264.48	1
389	D0389	-117.25360	32.78230	-117.26144	32.78137	-10.00	261.97	1
390	D0390	-117.25380	32.78320	-117.26156	32.78228	-10.00	261.97	1
391	D0391	-117.25390	32.78410	-117.26184	32.78345	-10.00	264.44	1
392	D0392	-117.25400	32.78500	-117.26204	32.78399	-10.00	261.50	1
393	D0393	-117.25420	32.78590	-117.26238	32.78463	-10.00	259.54	1
394	D0394	-117.25440	32.78680	-117.26281	32.78549	-10.00	259.50	1
395	D0395	-117.25460	32.78770	-117.26320	32.78636	-10.00	259.50	1
396	D0396	-117.25480	32.78860	-117.26337	32.78759	-10.00	262.02	1
397	D0397	-117.25490	32.78950	-117.26390	32.78833	-10.08	261.21	1
398	D0398	-117.25510	32.79030	-117.26403	32.78849	-10.01	256.44	1
399	D0399	-117.25540	32.79120	-117.26475	32.78931	-10.00	256.48	1
400	D0400	-117.25560	32.79210	-117.26527	32.79022	-10.00	256.98	1
401	D0401	-117.25590	32.79300	-117.26540	32.79063	-10.00	253.47	1
402	D0402	-117.25620	32.79380	-117.26571	32.79181	-10.00	256.02	1
403	D0403	-117.25640	32.79470	-117.26632	32.79261	-10.00	255.93	2
404	D0404	-117.25670	32.79560	-117.26632	32.79261	-10.00	249.71	1
405	D0405	-117.25710	32.79640	-117.26685	32.79358	-10.01	251.01	1
406	D0406	-117.25740	32.79730	-117.26716	32.79445	-10.00	250.84	1
407	D0407	-117.25780	32.79810	-117.26778	32.79521	-10.00	250.99	1
408	D0408	-117.25810	32.79900	-117.26790	32.79598	-10.00	249.87	1
409	D0409	-117.25850	32.79980	-117.26788	32.79670	-10.00	248.54	1
410	D0410	-117.25890	32.80070	-117.26812	32.79717	-10.01	245.51	2
411	D0411	-117.25940	32.80150	-117.26854	32.79750	-9.96	242.50	2
412	D0412	-117.25990	32.80230	-117.26917	32.79816	-10.02	242.02	2
413	D0413	-117.26040	32.80310	-117.26941	32.79840	-10.00	238.18	2
414	D0414	-117.26100	32.80380	-117.26941	32.79840	-10.00	232.62	2
415	D0415	-117.26170	32.80450	-117.26971	32.79885	-10.00	230.00	2
416	D0416	-117.26230	32.80520	-117.26973	32.79923	-10.01	226.29	2
417	D0417	-117.26300	32.80590	-117.26973	32.79923	-10.01	220.30	2
418	D0418	-117.26370	32.80660	-117.26973	32.79923	-10.01	214.52	1
419	D0419	-117.26440	32.80730	-117.26973	32.79923	-10.01	209.04	2
420	D0420	-117.26520	32.80780	-117.26973	32.79923	-10.01	203.96	2
421	D0421	-117.26620	32.80780	-117.26973	32.79923	-10.01	199.10	2
422	D0422	-117.26730	32.80760	-117.27180	32.80104	-10.00	209.97	2
423	D0423	-117.26810	32.80820	-117.27488	32.80307	-10.00	228.01	1
424	D0424	-117.26870	32.80890	-117.27721	32.80452	-10.01	238.52	1
425	D0425	-117.26920	32.80970	-117.27907	32.80583	-10.27	244.99	1
426	D0426	-117.26960	32.81050	-117.27966	32.80665	-10.01	245.52	2
427	D0427	-117.27000	32.81140	-117.27977	32.80669	-10.01	240.16	2
428	D0428	-117.27060	32.81210	-117.27977	32.80669	-10.01	234.93	1
429	D0429	-117.27130	32.81280	-117.27991	32.80684	-10.00	230.53	1
430	D0430	-117.27190	32.81350	-117.27998	32.80690	-10.01	225.82	1
431	D0431	-117.27280	32.81410	-117.28049	32.80728	-9.99	223.46	2
432	D0432	-117.27340	32.81460	-117.27960	32.81109	-10.00	236.04	1
433	D0433	-117.27380	32.81540	-117.28527	32.81121	-10.01	246.51	2
434	D0434	-117.27350	32.81620	-117.28537	32.81147	-10.00	244.63	2
435	D0435	-117.27300	32.81700	-117.28537	32.81147	-10.00	241.99	2
436	D0436	-117.27360	32.81790	-117.28537	32.81147	-10.00	236.98	1
437	D0437	-117.27440	32.81850	-117.28537	32.81147	-10.00	232.67	2
438	D0438	-117.27550	32.81860	-117.28537	32.81147	-10.00	229.32	2
439	D0439	-117.27650	32.81890	-117.28553	32.81170	-10.00	226.51	2
440	D0440	-117.27720	32.81950	-117.28557	32.81179	-10.01	222.38	1
441	D0441	-117.27800	32.82010	-117.28557	32.81179	-10.01	217.44	1
442	D0442	-117.27890	32.82060	-117.28522	32.81288	-10.00	214.53	1
443	D0443	-117.27980	32.82110	-117.28654	32.81523	-10.00	223.98	1
444	D0444	-117.28040	32.82180	-117.28686	32.81983	-10.02	250.06	1
445	D0445	-117.28050	32.82260	-117.28507	32.82294	-10.01	275.06	1
446	D0446	-117.28020	32.82350	-117.28590	32.82456	-10.01	282.48	1
447	D0447	-117.28000	32.82440	-117.28822	32.82550	-10.01	279.05	2
448	D0448	-117.27980	32.82520	-117.28823	32.82574	-10.01	274.36	2
449	D0449	-117.27980	32.82610	-117.28823	32.82574	-10.01	267.09	1
450	D0450	-117.27990	32.82700	-117.28823	32.82574	-10.01	259.80	2
451	D0451	-117.28020	32.82790	-117.28815	32.82586	-10.00	253.02	2
452	D0452	-117.28060	32.82880	-117.28825	32.82659	-10.01	251.03	2
453	D0453	-117.28090	32.82960	-117.28829	32.82782	-10.00	254.01	1
454	D0454	-117.28120	32.83050	-117.28877	32.82856	-10.00	253.04	1
455	D0455	-117.28150	32.83130	-117.28938	32.82902	-10.02	251.00	1
456	D0456	-117.28190	32.83220	-117.28979	32.83030	-10.01	254.01	1
457	D0457	-117.28210	32.83300	-117.28749	32.83280	-10.01	267.47	1
458	D0458	-117.28200	32.83390	-117.28755	32.83472	-10.01	279.97	2
459	D0459	-117.28160	32.83480	-117.28790	32.83570	-10.03	279.65	2
460	D0460	-117.28160	32.83570	-117.28790	32.83570	-10.03	270.00	2
461	D0461	-117.28170	32.83660	-117.28813	32.83636	-10.01	267.46	2
462	D0462	-117.28170	32.83750	-117.28809	32.83727	-10.02	267.55	1
463	D0463	-117.28180	32.83840	-117.28795	32.83768	-10.01	262.07	1
464	D0464	-117.28200	32.83930	-117.28745	32.83841	-10.02	259.00	1
465	D0465	-117.28220	32.84010	-117.28701	32.84027	-10.01	272.41	1
466	D0466	-117.28190	32.84100	-117.28642	32.84227	-10.01	288.49	1
467	D0467	-117.28150	32.84190	-117.28573	32.84312	-9.99	288.95	1
468	D0468	-117.28120	32.84270	-117.28517	32.84409	-10.02	292.62	2
469	D0469	-117.28070	32.84350	-117.28526	32.84613	-10.01	304.47	2
470	D0470	-117.27980	32.84390	-117.28466	32.84706	-10.01	307.74	2
471	D0471	-117.27920	32.84460	-117.28466	32.84706	-10.01	298.20	1
472	D0472	-117.27900	32.84550	-117.28466	32.84706	-10.01	288.16	2
473	D0473	-117.27890	32.84640	-117.28461	32.84716	-10.01	279.00	2
474	D0474	-117.27880	32.84730	-117.28314	32.84900	-10.01	295.00	1
475	D0475	-117.27820	32.84780	-117.28047	32.85074	-10.00	327.03	2
476	D0476	-117.27720	32.84800	-117.27929	32.85080	-10.01	327.91	2
477	D0477	-117.27650	32.84870	-117.27895	32.85080	-10.02	315.58	2
478	D0478	-117.27580	32.84940	-117.27818	32.85110	-10.01	310.37	2
479	D0479	-117.27510	32.85010	-117.27721	32.85167	-10.79	311.53	2
480	D0480	-117.27440	32.85080	-117.27496	32.85155	-10.02	327.90	2
481	D0481	-117.27360	32.85120	-117.27367	32.85173	-10.00	353.67	2
482	D0482	-117.27270	32.85090	-117.27228	32.85196	-10.01	18.41	2
483	D0483	-117.27190	32.85030	-117.27110	32.85239	-10.02	17.83	2
484	D0484	-117.27080	32.85040	-117.27031	32.85250	-10.10	11.09	2
485	D0485	-117.26990	32.85010	-117.26805	32.85296	-10.02	28.52	2
486	D0486	-117.26910	32.84950	-117.26695	32.85275	-9.95	29.06	2
487	D0487	-117.26820	32.84900	-117.26695	32.85275	-9.95	15.64	2
488	D0488	-117.26720	32.84880	-117.26695	32.85275	-9.95	3.04	2
489	D0489	-117.26620	32.84900	-117.26695	32.85275	-9.95	350.46	2
490	D0490	-117.26520	32.84880	-117.26695	32.85275	-9.95	339.59	2
491	D0491	-117.26430	32.84930	-117.26695	32.85275	-9.95	327.17	2
492	D0492	-117.26370	32.85000	-117.26695	32.85275	-9.95	315.21	2
493	D0493	-117.26330	32.85080	-117.26555	32.85263	-10.06	314.07	2
494	D0494	-117.26250	32.85140	-117.26485	32.85355	-10.04	317.44	1
495	D0495	-117.26170	32.85200	-117.26365	32.85409	-10.02	321.91	2
496	D0496	-117.26080	32.85250	-117.26301	32.85459	-10.08	318.39	1
497	D0497	-117.26010	32.85320	-117.26282	32.85494	-10.12	307.39	1
498	D0498	-117.25950	32.85390	-117.26250	32.85560	-9.31	304.00	1
499	D0499	-117.25890	32.85470	-117.26250	32.85648	-9.69	300.48	1
500	D0500	-117.25840	32.85540	-117.26248	32.85734	-10.10	299.45	1
501	D0501	-117.25790	32.85620	-117.26250	32.85821	-10.00	297.48	1
502	D0502	-117.25740	32.85700	-117.26227	32.85913	-10.04	297.50	1
503	D0503	-117.25690	32.85780	-117.26167	32.85993	-9.61	297.99	1
504	D0504	-117.25640	32.85860	-117.26130	32.86043	-10.00	293.97	1
505	D0505	-117.25600	32.85950	-117.26124	32.86093	-10.01	288.00	1
506	D0506	-117.25570	32.86040	-117.26109	32.86187	-10.00	287.99	1
507	D0507	-117.25530	32.86120	-117.26105	32.86259	-10.00	286.06	1
508	D0508	-117.25510	32.86210	-117.26102	32.86306	-10.01	280.93	2
509	D0509	-117.25490	32.86300	-117.26099	32.86372	-10.01	278.01	1
510	D0510	-117.25480	32.86380	-117.26091	32.86457	-10.01	278.53	1
511	D0511	-117.25460	32.86470	-117.26069	32.86588	-10.01	282.99	1
512	D0512	-117.25430	32.86560	-117.26036	32.86682	-10.04	283.50	1
513	D0513	-117.25410	32.86650	-117.25968	32.86741	-10.00	280.99	1
514	D0514	-117.25390	32.86740	-117.25865	32.86818	-10.02	281.06	1
515	D0515	-117.25370	32.86830	-117.25761	32.86894	-9.97	281.03	1
516	D0516	-117.25350	32.86910	-117.25720	32.86976	-9.92	281.93	1
517	D0517	-117.25330	32.87000	-117.25677	32.87054	-9.99	280.50	1
518	D0518	-117.25310	32.87090	-117.25658	32.87148	-10.10	281.04	1
519	D0519	-117.25290	32.87170	-117.25565	32.87284	-10.07	296.07	2
520	D0520	-117.25210	32.87240	-117.25539	32.87402	-10.01	300.38	1
521	D0521	-117.25180	32.87320	-117.25552	32.87430	-10.09	289.40	2
522	D0522	-117.25150	32.87410	-117.25573	32.87489	-10.00	282.54	1
523	D0523	-117.25130	32.87500	-117.25639	32.87579	-10.21	280.47	1
524	D0524	-117.25110	32.87590	-117.25648	32.87650	-9.93	277.56	1
525	D0525	-117.25100	32.87680	-117.25659	32.87680	-10.00	270.00	2
526	D0526	-117.25110	32.87770	-117.25679	32.87703	-10.02	262.02	1
527	D0527	-117.25130	32.87860	-117.25723	32.87763	-10.05	258.98	1
528	D0528	-117.25150	32.87950	-117.25806	32.87838	-9.99	258.51	1
529	D0529	-117.25170	32.88030	-117.25881	32.87941	-10.01	261.52	1
530	D0530	-117.25180	32.88120	-117.25908	32.88008	-10.01	259.62	1
531	D0531	-117.25210	32.88210	-117.25925	32.88077	-9.99	257.51	1
532	D0532	-117.25230	32.88300	-117.25938	32.88163	-9.99	257.02	1
533	D0533	-117.25260	32.88390	-117.25946	32.88214	-10.00	253.01	1
534	D0534	-117.25290	32.88470	-117.25970	32.88385	-10.01	261.53	1
535	D0535	-117.25290	32.88560	-117.25984	32.88535	-10.00	267.54	1
536	D0536	-117.25300	32.88650	-117.25986	32.88625	-10.00	267.52	1
537	D0537	-117.25300	32.88740	-117.25990	32.88740	-10.01	270.00	1
538	D0538	-117.25300	32.88830	-117.25993	32.88805	-10.02	267.54	1
539	D0539	-117.25310	32.88920	-117.25990	32.88840	-10.02	262.02	1
540	D0540	-117.25330	32.89010	-117.25987	32.88957	-10.00	264.51	1
541	D0541	-117.25330	32.89100	-117.25976	32.89100	-10.00	270.00	1
542	D0542	-117.25330	32.89190	-117.25989	32.89190	-10.01	270.00	1
543	D0543	-117.25330	32.89280	-117.26005	32.89280	-10.00	270.00	1
544	D0544	-117.25330	32.89370	-117.26013	32.89370	-10.01	270.00	1
545	D0545	-117.25330	32.89460	-117.26019	32.89460	-10.02	270.00	1
546	D0546	-117.25330	32.89550	-117.26034	32.89550	-10.00	270.00	1
547	D0547	-117.25330	32.89640	-117.26055	32.89640	-10.01	270.00	1
548	D0548	-117.25330	32.89730	-117.26070	32.89719	-10.01	268.99	1
549	D0549	-117.25330	32.89820	-117.26078	32.89752	-10.00	263.82	1
550	D0550	-117.25350	32.89910	-117.26088	32.89828	-10.00	262.46	1
551	D0551	-117.25360	32.90000	-117.26106	32.89912	-10.01	262.00	1
552	D0552	-117.25380	32.90090	-117.26133	32.90001	-10.01	261.99	1
553	D0553	-117.25390	32.90180	-117.26144	32.90091	-9.99	262.00	1
554	D0554	-117.25410	32.90270	-117.26159	32.90154	-10.01	259.55	1
555	D0555	-117.25430	32.90360	-117.26178	32.90238	-10.00	259.01	1
556	D0556	-117.25450	32.90450	-117.26211	32.90291	-10.00	256.03	1
557	D0557	-117.25480	32.90530	-117.26220	32.90316	-10.01	250.99	1
558	D0558	-117.25520	32.90620	-117.26237	32.90383	-10.00	248.51	1
559	D0559	-117.25560	32.90700	-117.26250	32.90460	-9.83	247.50	1
560	D0560	-117.25600	32.90780	-117.26315	32.90602	-10.01	253.48	1
561	D0561	-117.25620	32.90870	-117.26358	32.90749	-10.01	258.95	1
562	D0562	-117.25640	32.90960	-117.26393	32.90831	-10.01	258.47	1
563	D0563	-117.25660	32.91050	-117.26408	32.90858	-10.00	253.00	1
564	D0564	-117.25700	32.91130	-117.26422	32.90910	-10.01	250.05	2
565	D0565	-117.25740	32.91220	-117.26437	32.90990	-10.01	248.54	1
566	D0566	-117.25780	32.91300	-117.26450	32.91067	-10.03	247.50	1
567	D0567	-117.25820	32.91380	-117.26494	32.91157	-10.01	248.49	1
568	D0568	-117.25860	32.91470	-117.26546	32.91343	-10.01	257.56	1
569	D0569	-117.25870	32.91560	-117.26598	32.91501	-10.00	264.49	1
570	D0570	-117.25880	32.91650	-117.26612	32.91591	-10.00	264.52	1
571	D0571	-117.25890	32.91740	-117.26614	32.91687	-10.02	265.02	1
572	D0572	-117.25900	32.91830	-117.26623	32.91772	-10.01	264.54	1
573	D0573	-117.25910	32.91920	-117.26645	32.91855	-10.01	263.99	1
574	D0574	-117.25920	32.92000	-117.26656	32.91973	-10.02	267.50	1
575	D0575	-117.25920	32.92100	-117.26642	32.92095	-10.00	269.53	1
576	D0576	-117.25920	32.92180	-117.26656	32.92185	-10.02	270.46	1
577	D0577	-117.25920	32.92270	-117.26667	32.92270	-10.08	270.00	1
578	D0578	-117.25920	32.92360	-117.26669	32.92327	-10.02	267.00	1
579	D0579	-117.25930	32.92450	-117.26682	32.92411	-10.02	266.46	1
580	D0580	-117.25930	32.92540	-117.26693	32.92472	-10.01	263.94	1
581	D0581	-117.25950	32.92630	-117.26699	32.92547	-10.00	262.48	1
582	D0582	-117.25960	32.92720	-117.26715	32.92631	-10.00	262.01	1
583	D0583	-117.25980	32.92810	-117.26728	32.92722	-10.00	262.02	1
584	D0584	-117.25990	32.92900	-117.26737	32.92812	-10.00	262.01	1
585	D0585	-117.26010	32.92990	-117.26756	32.92902	-10.00	262.00	1
586	D0586	-117.26020	32.93080	-117.26775	32.93019	-10.00	264.50	1
587	D0587	-117.26030	32.93170	-117.26785	32.93109	-10.00	264.50	1
588	D0588	-117.26040	32.93260	-117.26807	32.93198	-10.00	264.50	1
589	D0589	-117.26050	32.93350	-117.26830	32.93258	-10.01	262.00	1
590	D0590	-117.26070	32.93440	-117.26859	32.93341	-10.01	261.50	1
591	D0591	-117.26080	32.93530	-117.26879	32.93404	-10.00	259.36	1
592	D0592	-117.26110	32.93620	-117.26896	32.93462	-10.00	256.53	1
593	D0593	-117.26130	32.93700	-117.26928	32.93539	-10.01	256.48	1
594	D0594	-117.26160	32.93790	-117.26962	32.93628	-10.01	256.47	1
595	D0595	-117.26180	32.93880	-117.26997	32.93722	-10.00	257.02	1
596	D0596	-117.26210	32.93970	-117.27036	32.93810	-10.01	257.00	1
597	D0597	-117.26230	32.94060	-117.27068	32.93917	-10.00	258.51	1
598	D0598	-117.26250	32.94140	-117.27086	32.93997	-10.01	258.48	1
599	D0599	-117.26270	32.94230	-117.27103	32.94069	-10.00	257.03	1
600	D0600	-117.26300	32.94320	-117.27123	32.94160	-10.01	256.96	1
601	D0601	-117.26320	32.94410	-117.27137	32.94239	-10.01	256.00	1
602	D0602	-117.26350	32.94490	-117.27135	32.94270	-10.00	251.53	1
603	D0603	-117.26390	32.94580	-117.27145	32.94362	-10.00	251.01	1
604	D0604	-117.26420	32.94660	-117.27169	32.94450	-10.01	251.53	1
605	D0605	-117.26460	32.94750	-117.27190	32.94539	-9.99	250.99	1
606	D0606	-117.26490	32.94830	-117.27219	32.94649	-9.99	253.52	1
607	D0607	-117.26520	32.94920	-117.27281	32.94743	-10.00	254.51	1
608	D0608	-117.26550	32.95010	-117.27293	32.94796	-10.00	251.06	1
609	D0609	-117.26590	32.95090	-117.27344	32.94872	-10.01	250.99	1
610	D0610	-117.26620	32.95180	-117.27391	32.94947	-10.00	250.19	1
611	D0611	-117.26660	32.95260	-117.27411	32.95043	-10.01	251.00	1
612	D0612	-117.26690	32.95350	-117.27470	32.95199	-10.00	257.01	1
613	D0613	-117.26710	32.95440	-117.27497	32.95317	-10.00	259.45	1
614	D0614	-117.26730	32.95530	-117.27514	32.95408	-10.00	259.49	1
615	D0615	-117.26750	32.95620	-117.27523	32.95458	-10.01	255.98	1
616	D0616	-117.26780	32.95700	-117.27538	32.95576	-10.01	258.97	1
617	D0617	-117.26790	32.95790	-117.27555	32.95728	-10.00	264.48	1
618	D0618	-117.26800	32.95880	-117.27559	32.95819	-10.01	264.53	1
619	D0619	-117.26810	32.95970	-117.27557	32.95910	-10.02	264.53	1
620	D0620	-117.26820	32.96060	-117.27549	32.96001	-10.00	264.49	1
621	D0621	-117.26830	32.96150	-117.27567	32.96090	-10.01	264.46	1
622	D0622	-117.26840	32.96240	-117.27603	32.96206	-10.00	266.96	1
623	D0623	-117.26840	32.96330	-117.27636	32.96301	-10.00	267.51	1
624	D0624	-117.26850	32.96420	-117.27645	32.96356	-10.00	264.52	1
625	D0625	-117.26860	32.96510	-117.27644	32.96447	-10.02	264.53	1
626	D0626	-117.26870	32.96600	-117.27659	32.96536	-10.00	264.48	1
627	D0627	-117.26880	32.96690	-117.27684	32.96625	-10.00	264.50	1
628	D0628	-117.26890	32.96780	-117.27698	32.96715	-10.00	264.52	1
629	D0629	-117.26900	32.96870	-117.27721	32.96767	-10.00	261.50	1
630	D0630	-117.26920	32.96960	-117.27746	32.96863	-10.00	262.03	1
631	D0631	-117.26930	32.97050	-117.27766	32.96958	-9.99	262.53	1
632	D0632	-117.26950	32.97140	-117.27775	32.97012	-10.00	259.52	1
633	D0633	-117.26970	32.97230	-117.27821	32.97130	-10.01	262.03	1
634	D0634	-117.26980	32.97320	-117.27841	32.97205	-10.00	260.95	1
635	D0635	-117.27000	32.97400	-117.27850	32.97229	-10.01	256.52	1
636	D0636	-117.27030	32.97490	-117.27857	32.97264	-10.00	251.96	1
637	D0637	-117.27070	32.97580	-117.27883	32.97332	-10.00	250.02	1
638	D0638	-117.27100	32.97660	-117.27909	32.97378	-10.01	247.44	2
639	D0639	-117.27150	32.97740	-117.27934	32.97494	-10.01	249.49	2
640	D0640	-117.27180	32.97830	-117.27964	32.97647	-10.01	254.45	1
641	D0641	-117.27210	32.97920	-117.27994	32.97756	-10.02	256.00	1
642	D0642	-117.27230	32.98000	-117.28018	32.97841	-10.01	256.48	1
643	D0643	-117.27260	32.98090	-117.28027	32.97881	-10.03	252.00	1
644	D0644	-117.27300	32.98180	-117.28049	32.98029	-10.00	256.49	1
645	D0645	-117.27310	32.98260	-117.28133	32.98194	-9.99	264.54	1
646	D0646	-117.27320	32.98350	-117.28175	32.98287	-10.01	264.98	1
647	D0647	-117.27330	32.98440	-117.28181	32.98378	-9.99	265.04	1
648	D0648	-117.27340	32.98530	-117.28191	32.98436	-10.02	262.50	1
649	D0649	-117.27360	32.98620	-117.28204	32.98520	-10.00	261.96	1
650	D0650	-117.27370	32.98710	-117.28228	32.98609	-10.01	262.01	1
651	D0651	-117.27390	32.98800	-117.28230	32.98669	-10.00	259.47	1
652	D0652	-117.27410	32.98890	-117.28242	32.98729	-10.01	257.01	1
653	D0653	-117.27440	32.98980	-117.28266	32.98820	-10.00	257.00	1
654	D0654	-117.27460	32.99070	-117.28275	32.98974	-10.01	262.01	1
655	D0655	-117.27470	32.99160	-117.28276	32.99053	-10.01	261.01	1
656	D0656	-117.27490	32.99240	-117.28299	32.99108	-10.00	258.99	1
657	D0657	-117.27510	32.99330	-117.28318	32.99205	-10.00	259.55	1
658	D0658	-117.27530	32.99420	-117.28333	32.99295	-10.00	259.49	1
659	D0659	-117.27550	32.99510	-117.28334	32.99358	-10.11	256.98	1
660	D0660	-117.27580	32.99600	-117.28334	32.99382	-10.07	250.98	1
661	D0661	-117.27620	32.99680	-117.28341	32.99423	-10.01	246.98	1
662	D0662	-117.27660	32.99760	-117.28394	32.99467	-10.00	244.55	1
663	D0663	-117.27710	32.99840	-117.28495	32.99498	-10.01	242.55	1
664	D0664	-117.27760	32.99920	-117.28468	32.99611	-10.02	242.51	1
665	D0665	-117.27810	33.00000	-117.28510	32.99832	-10.02	254.03	1
666	D0666	-117.27820	33.00090	-117.28493	33.00065	-10.01	267.46	1
667	D0667	-117.27820	33.00180	-117.28516	33.00154	-10.01	267.45	1
668	D0668	-117.27830	33.00270	-117.28522	33.00245	-10.00	267.53	1
669	D0669	-117.27830	33.00360	-117.28514	33.00360	-10.01	270.00	1
670	D0670	-117.27830	33.00450	-117.28532	33.00425	-10.01	267.57	1
671	D0671	-117.27840	33.00540	-117.28547	33.00483	-10.00	264.51	1
672	D0672	-117.27850	33.00630	-117.28577	33.00571	-10.00	264.47	1
673	D0673	-117.27860	33.00720	-117.28576	33.00667	-10.00	264.96	1
674	D0674	-117.27870	33.00810	-117.28591	33.00725	-10.00	262.00	1
675	D0675	-117.27890	33.00900	-117.28610	33.00761	-10.00	257.04	1
676	D0676	-117.27920	33.00990	-117.28635	33.00840	-9.99	255.95	1
677	D0677	-117.27940	33.01070	-117.28656	33.00892	-10.01	253.49	1
678	D0678	-117.27980	33.01160	-117.28694	33.00965	-10.01	251.96	1
679	D0679	-117.28010	33.01250	-117.28729	33.01071	-10.00	253.46	1
680	D0680	-117.28040	33.01330	-117.28772	33.01137	-10.00	252.55	2
681	D0681	-117.28070	33.01420	-117.28804	33.01171	-10.00	247.97	1
682	D0682	-117.28120	33.01500	-117.28830	33.01203	-10.00	243.49	1
683	D0683	-117.28170	33.01580	-117.28884	33.01262	-10.00	242.03	1
684	D0684	-117.28220	33.01660	-117.28901	33.01294	-10.02	237.34	1
685	D0685	-117.28280	33.01730	-117.28921	33.01401	-10.00	238.53	1
686	D0686	-117.28330	33.01810	-117.28983	33.01566	-10.00	245.98	1
687	D0687	-117.28370	33.01900	-117.29031	33.01682	-10.01	248.53	1
688	D0688	-117.28410	33.01980	-117.29053	33.01723	-10.00	244.51	1
689	D0689	-117.28460	33.02060	-117.29078	33.01790	-10.02	242.48	1
690	D0690	-117.28510	33.02140	-117.29113	33.01877	-10.02	242.52	1
691	D0691	-117.28560	33.02220	-117.29176	33.02017	-10.03	248.54	1
692	D0692	-117.28590	33.02310	-117.29238	33.02118	-10.00	250.54	1
693	D0693	-117.28630	33.02390	-117.29256	33.02167	-10.02	246.98	1
694	D0694	-117.28670	33.02470	-117.29294	33.02269	-10.00	248.98	1
695	D0695	-117.28710	33.02560	-117.29327	33.02351	-10.00	248.00	1
696	D0696	-117.28750	33.02640	-117.29392	33.02433	-10.01	248.97	1
697	D0697	-117.28790	33.02730	-117.29430	33.02514	-9.99	248.07	1
698	D0698	-117.28830	33.02810	-117.29476	33.02586	-10.01	247.53	1
699	D0699	-117.28870	33.02890	-117.29516	33.02637	-10.01	244.96	1
700	D0700	-117.28920	33.02970	-117.29552	33.02718	-10.00	244.57	1
701	D0701	-117.28960	33.03050	-117.29584	33.02822	-10.06	246.45	1
702	D0702	-117.29010	33.03140	-117.29629	33.02876	-10.00	243.04	1
703	D0703	-117.29060	33.03220	-117.29687	33.02941	-10.01	242.04	2
704	D0704	-117.29110	33.03300	-117.29716	33.02975	-10.01	237.39	2
705	D0705	-117.29160	33.03380	-117.29716	33.02975	-10.01	229.01	2
706	D0706	-117.29230	33.03440	-117.29716	33.02975	-10.01	221.23	1
707	D0707	-117.29320	33.03490	-117.29716	33.02975	-10.01	212.81	2
708	D0708	-117.29420	33.03530	-117.29836	33.03107	-9.99	219.51	2
709	D0709	-117.29490	33.03600	-117.29996	33.03238	-10.00	229.52	1
710	D0710	-117.29550	33.03660	-117.30130	33.03379	-10.01	239.98	1
711	D0711	-117.29590	33.03750	-117.30254	33.03590	-10.01	253.96	1
712	D0712	-117.29610	33.03840	-117.30298	33.03722	-10.01	258.44	1
713	D0713	-117.29630	33.03920	-117.30302	33.03811	-10.00	259.05	1
714	D0714	-117.29650	33.04010	-117.30305	33.03883	-9.99	256.98	1
715	D0715	-117.29680	33.04100	-117.30332	33.03999	-10.01	259.53	1
716	D0716	-117.29690	33.04190	-117.30366	33.04115	-10.00	262.46	1
717	D0717	-117.29710	33.04280	-117.30387	33.04170	-10.00	259.03	1
718	D0718	-117.29730	33.04370	-117.30409	33.04265	-10.00	259.55	1
719	D0719	-117.29750	33.04460	-117.30430	33.04385	-10.00	262.50	1
720	D0720	-117.29760	33.04550	-117.30461	33.04462	-10.02	261.48	1
721	D0721	-117.29780	33.04630	-117.30477	33.04516	-10.01	258.96	2
722	D0722	-117.29800	33.04720	-117.30489	33.04557	-10.01	254.24	1
723	D0723	-117.29840	33.04810	-117.30499	33.04593	-10.01	248.55	1
724	D0724	-117.29880	33.04890	-117.30518	33.04706	-10.00	251.01	1
725	D0725	-117.29910	33.04980	-117.30549	33.04790	-10.02	250.47	1
726	D0726	-117.29950	33.05060	-117.30581	33.04852	-10.00	248.53	1
727	D0727	-117.29990	33.05150	-117.30600	33.04969	-10.01	250.51	1
728	D0728	-117.30020	33.05230	-117.30636	33.05077	-10.01	253.49	1
729	D0729	-117.30050	33.05320	-117.30682	33.05173	-10.00	254.49	1
730	D0730	-117.30080	33.05410	-117.30705	33.05250	-10.03	253.02	1
731	D0731	-117.30110	33.05490	-117.30728	33.05312	-10.02	251.04	1
732	D0732	-117.30150	33.05580	-117.30768	33.05397	-10.00	250.54	1
733	D0733	-117.30180	33.05660	-117.30816	33.05502	-10.02	253.49	1
734	D0734	-117.30210	33.05750	-117.30846	33.05561	-10.00	250.48	1
735	D0735	-117.30250	33.05830	-117.30871	33.05630	-10.01	248.98	1
736	D0736	-117.30290	33.05920	-117.30905	33.05712	-10.01	248.02	1
737	D0737	-117.30330	33.06000	-117.30956	33.05819	-10.02	250.97	1
738	D0738	-117.30360	33.06090	-117.31036	33.05917	-10.02	253.02	1
739	D0739	-117.30390	33.06170	-117.31066	33.05980	-10.02	251.46	1
740	D0740	-117.30430	33.06260	-117.31089	33.06042	-10.01	248.46	1
741	D0741	-117.30470	33.06340	-117.31123	33.06124	-10.01	248.46	1
742	D0742	-117.30510	33.06430	-117.31169	33.06213	-10.01	248.55	1
743	D0743	-117.30550	33.06510	-117.31182	33.06291	-10.01	247.54	1
744	D0744	-117.30590	33.06590	-117.31197	33.06390	-10.02	248.54	1
745	D0745	-117.30630	33.06680	-117.31229	33.06502	-10.01	250.48	1
746	D0746	-117.30660	33.06760	-117.31266	33.06585	-10.01	250.99	1
747	D0747	-117.30700	33.06850	-117.31318	33.06667	-9.79	250.54	1
748	D0748	-117.30730	33.06930	-117.31367	33.06752	-10.01	251.56	1
749	D0749	-117.30770	33.07020	-117.31395	33.06835	-10.00	250.55	1
750	D0750	-117.30800	33.07100	-117.31441	33.06920	-10.02	251.47	1
751	D0751	-117.30840	33.07190	-117.31474	33.07002	-10.00	250.51	1
752	D0752	-117.30870	33.07270	-117.31517	33.07089	-10.01	251.54	1
753	D0753	-117.30910	33.07360	-117.31541	33.07146	-9.99	247.97	1
754	D0754	-117.30950	33.07440	-117.31596	33.07254	-10.01	251.04	1
755	D0755	-117.30980	33.07530	-117.31652	33.07373	-10.01	254.42	1
756	D0756	-117.31010	33.07620	-117.31689	33.07473	-9.99	255.51	1
757	D0757	-117.31030	33.07700	-117.31712	33.07563	-10.03	256.52	1
758	D0758	-117.31060	33.07790	-117.31730	33.07634	-10.01	254.47	1
759	D0759	-117.31090	33.07880	-117.31757	33.07751	-10.00	257.00	1
760	D0760	-117.31110	33.07970	-117.31770	33.07862	-10.02	258.95	1
761	D0761	-117.31130	33.08060	-117.31767	33.07951	-10.01	258.46	1
762	D0762	-117.31150	33.08140	-117.31776	33.08062	-10.01	261.54	1
763	D0763	-117.31160	33.08230	-117.31792	33.08155	-10.01	261.94	1
764	D0764	-117.31180	33.08320	-117.31827	33.08244	-10.01	262.02	1
765	D0765	-117.31190	33.08410	-117.31857	33.08331	-10.01	261.95	1
766	D0766	-117.31210	33.08500	-117.31868	33.08398	-10.01	259.52	1
767	D0767	-117.31230	33.08590	-117.31887	33.08463	-10.00	257.01	1
768	D0768	-117.31260	33.08680	-117.31908	33.08514	-10.00	253.00	1
769	D0769	-117.31290	33.08760	-117.31933	33.08601	-10.01	253.56	1
770	D0770	-117.31320	33.08850	-117.31959	33.08661	-10.01	250.56	1
771	D0771	-117.31360	33.08930	-117.31972	33.08691	-10.00	245.01	1
772	D0772	-117.31410	33.09010	-117.32018	33.08783	-10.03	245.98	1
773	D0773	-117.31450	33.09100	-117.32061	33.08893	-10.01	247.98	1
774	D0774	-117.31490	33.09180	-117.32092	33.08966	-10.02	247.01	1
775	D0775	-117.31530	33.09260	-117.32131	33.09062	-10.00	248.53	1
776	D0776	-117.31570	33.09350	-117.32191	33.09166	-9.99	250.52	1
777	D0777	-117.31600	33.09430	-117.32256	33.09246	-10.03	251.49	1
778	D0778	-117.31640	33.09520	-117.32280	33.09303	-10.01	247.97	1
779	D0779	-117.31680	33.09600	-117.32306	33.09378	-10.01	247.06	1
780	D0780	-117.31720	33.09680	-117.32343	33.09480	-10.01	249.03	1
781	D0781	-117.31760	33.09770	-117.32381	33.09560	-10.00	248.02	1
782	D0782	-117.31800	33.09850	-117.32426	33.09643	-9.99	248.46	1
783	D0783	-117.31840	33.09940	-117.32475	33.09725	-10.03	247.99	1
784	D0784	-117.31880	33.10020	-117.32513	33.09795	-10.01	247.01	1
785	D0785	-117.31920	33.10100	-117.32562	33.09894	-10.00	249.04	1
786	D0786	-117.31960	33.10190	-117.32594	33.10002	-10.01	250.51	1
787	D0787	-117.31990	33.10270	-117.32654	33.10084	-10.00	251.51	1
788	D0788	-117.32030	33.10360	-117.32694	33.10168	-10.00	250.96	1
789	D0789	-117.32060	33.10440	-117.32717	33.10256	-10.01	251.51	1
790	D0790	-117.32100	33.10530	-117.32761	33.10350	-10.00	251.99	1
791	D0791	-117.32130	33.10620	-117.32789	33.10452	-10.00	253.07	1
792	D0792	-117.32160	33.10700	-117.32823	33.10541	-10.01	254.02	1
793	D0793	-117.32190	33.10790	-117.32843	33.10596	-10.02	250.47	1
794	D0794	-117.32230	33.10870	-117.32874	33.10658	-10.02	248.55	1
795	D0795	-117.32270	33.10960	-117.32924	33.10744	-10.01	248.48	1
796	D0796	-117.32310	33.11040	-117.32951	33.10818	-10.00	247.54	1
797	D0797	-117.32350	33.11120	-117.33001	33.10932	-10.01	250.98	1
798	D0798	-117.32380	33.11210	-117.33045	33.11040	-10.00	253.03	1
799	D0799	-117.32410	33.11290	-117.33061	33.11107	-10.01	251.45	1
800	D0800	-117.32450	33.11380	-117.33092	33.11205	-10.00	251.97	1
801	D0801	-117.32480	33.11470	-117.33137	33.11302	-10.00	253.02	1
802	D0802	-117.32510	33.11550	-117.33179	33.11363	-10.01	251.55	1
803	D0803	-117.32550	33.11640	-117.33216	33.11420	-10.01	248.48	1
804	D0804	-117.32590	33.11720	-117.33249	33.11491	-10.01	247.47	1
805	D0805	-117.32630	33.11800	-117.33278	33.11564	-10.01	246.50	1
806	D0806	-117.32680	33.11890	-117.33327	33.11648	-9.99	245.94	1
807	D0807	-117.32720	33.11970	-117.33371	33.11710	-10.00	244.51	1
808	D0808	-117.32770	33.12050	-117.33441	33.11788	-10.00	245.01	1
809	D0809	-117.32810	33.12130	-117.33493	33.11863	-10.01	244.98	1
810	D0810	-117.32860	33.12210	-117.33537	33.11940	-10.02	244.54	1
811	D0811	-117.32900	33.12290	-117.33589	33.12021	-10.00	245.01	1
812	D0812	-117.32950	33.12370	-117.33597	33.12030	-10.01	237.89	1
813	D0813	-117.33020	33.12450	-117.33632	33.12071	-10.01	233.52	1
814	D0814	-117.33080	33.12520	-117.33694	33.12125	-10.01	232.47	1
815	D0815	-117.33150	33.12590	-117.33749	33.12205	-10.00	232.50	1
816	D0816	-117.33210	33.12660	-117.33802	33.12280	-10.00	232.53	1
817	D0817	-117.33280	33.12730	-117.33853	33.12328	-10.00	230.05	1
818	D0818	-117.33350	33.12800	-117.33942	33.12384	-10.01	230.00	1
819	D0819	-117.33420	33.12870	-117.34015	33.12488	-10.00	232.53	1
820	D0820	-117.33480	33.12940	-117.34070	33.12588	-10.00	234.53	1
821	D0821	-117.33540	33.13010	-117.34148	33.12673	-10.00	236.50	1
822	D0822	-117.33600	33.13090	-117.34234	33.12784	-10.01	240.04	1
823	D0823	-117.33650	33.13170	-117.34262	33.12874	-10.00	239.99	1
824	D0824	-117.33710	33.13250	-117.34309	33.13032	-10.01	246.51	1
825	D0825	-117.33740	33.13340	-117.34383	33.13206	-10.00	256.03	1
826	D0826	-117.33760	33.13420	-117.34444	33.13288	-10.00	257.02	1
827	D0827	-117.33790	33.13510	-117.34504	33.13344	-10.01	254.48	1
828	D0828	-117.33820	33.13600	-117.34538	33.13388	-10.01	250.58	1
829	D0829	-117.33860	33.13680	-117.34564	33.13436	-10.00	247.52	1
830	D0830	-117.33900	33.13760	-117.34623	33.13552	-10.00	251.04	1
831	D0831	-117.33930	33.13850	-117.34660	33.13639	-10.01	250.96	1
832	D0832	-117.33970	33.13930	-117.34690	33.13692	-10.01	248.46	1
833	D0833	-117.34010	33.14020	-117.34729	33.13752	-10.01	246.00	1
834	D0834	-117.34060	33.14100	-117.34764	33.13819	-10.00	244.51	1
835	D0835	-117.34100	33.14180	-117.34793	33.13876	-10.01	242.35	1
836	D0836	-117.34160	33.14260	-117.34806	33.13895	-10.01	235.99	1
837	D0837	-117.34220	33.14330	-117.34852	33.13953	-10.01	234.53	1
838	D0838	-117.34280	33.14400	-117.34879	33.14015	-10.00	232.49	1
839	D0839	-117.34350	33.14470	-117.34916	33.14072	-10.01	229.98	1
840	D0840	-117.34420	33.14540	-117.34973	33.14152	-10.00	230.04	1
841	D0841	-117.34490	33.14610	-117.35066	33.14233	-10.01	231.99	1
842	D0842	-117.34550	33.14680	-117.35144	33.14351	-10.00	236.52	1
843	D0843	-117.34610	33.14760	-117.35214	33.14444	-10.00	238.00	1
844	D0844	-117.34660	33.14830	-117.35268	33.14524	-10.00	238.99	1
845	D0845	-117.34720	33.14910	-117.35330	33.14591	-10.01	238.01	1
846	D0846	-117.34780	33.14990	-117.35394	33.14643	-10.00	235.98	1
847	D0847	-117.34840	33.15060	-117.35475	33.14734	-10.01	238.48	1
848	D0848	-117.34890	33.15140	-117.35583	33.14838	-10.01	242.50	1
849	D0849	-117.34940	33.15220	-117.35625	33.14895	-10.00	240.46	1
850	D0850	-117.35000	33.15300	-117.35661	33.14954	-10.00	237.99	1
851	D0851	-117.35050	33.15370	-117.35754	33.15009	-10.00	238.51	1
852	D0852	-117.35110	33.15450	-117.35831	33.15102	-10.00	240.04	1
853	D0853	-117.35160	33.15530	-117.35885	33.15179	-10.00	239.96	1
854	D0854	-117.35220	33.15610	-117.35914	33.15211	-10.00	235.52	1
855	D0855	-117.35280	33.15680	-117.35989	33.15287	-10.01	236.49	1
856	D0856	-117.35340	33.15760	-117.36034	33.15361	-9.99	235.52	1
857	D0857	-117.35400	33.15830	-117.36079	33.15416	-10.09	233.93	1
858	D0858	-117.35460	33.15900	-117.36122	33.15526	-10.00	235.99	1
859	D0859	-117.35520	33.15980	-117.36169	33.15614	-9.99	236.03	1
860	D0860	-117.35580	33.16050	-117.36197	33.15681	-10.00	234.46	1
861	D0861	-117.35650	33.16130	-117.36269	33.15781	-10.02	236.04	1
862	D0862	-117.35700	33.16200	-117.36362	33.15867	-10.00	239.00	1
863	D0863	-117.35760	33.16280	-117.36501	33.15922	-10.14	240.01	1
864	D0864	-117.35810	33.16360	-117.36536	33.15977	-9.99	237.78	1
865	D0865	-117.35870	33.16430	-117.36578	33.16074	-10.00	239.01	1
866	D0866	-117.35920	33.16510	-117.36656	33.16154	-10.00	239.98	1
867	D0867	-117.35980	33.16590	-117.36704	33.16182	-10.00	236.05	1
868	D0868	-117.36040	33.16660	-117.36780	33.16250	-10.12	236.50	1
869	D0869	-117.36100	33.16740	-117.36819	33.16334	-9.99	236.00	1
870	D0870	-117.36160	33.16810	-117.36857	33.16417	-9.97	236.04	1
871	D0871	-117.36220	33.16890	-117.36993	33.16453	-10.00	235.97	1
872	D0872	-117.36280	33.16960	-117.36937	33.16531	-10.00	232.04	1
873	D0873	-117.36350	33.17030	-117.37113	33.16574	-10.00	234.48	1
874	D0874	-117.36410	33.17110	-117.37038	33.16724	-10.00	233.71	1
875	D0875	-117.36480	33.17180	-117.37106	33.16771	-10.01	232.03	1
876	D0876	-117.36540	33.17250	-117.37163	33.16850	-10.00	232.51	1
877	D0877	-117.36610	33.17320	-117.37250	33.16901	-10.00	231.97	1
878	D0878	-117.36670	33.17390	-117.37359	33.16971	-10.00	234.00	1
879	D0879	-117.36730	33.17460	-117.37420	33.17048	-10.00	234.50	1
880	D0880	-117.36800	33.17540	-117.37489	33.17121	-10.01	234.00	1
881	D0881	-117.36860	33.17610	-117.37546	33.17162	-10.00	232.04	1
882	D0882	-117.36930	33.17680	-117.37622	33.17228	-10.00	232.03	1
883	D0883	-117.36990	33.17750	-117.37661	33.17312	-10.00	232.05	1
884	D0884	-117.37060	33.17820	-117.37710	33.17425	-10.00	234.02	1
885	D0885	-117.37120	33.17900	-117.37814	33.17501	-10.00	235.52	1
886	D0886	-117.37180	33.17970	-117.37849	33.17540	-10.00	232.48	1
887	D0887	-117.37250	33.18040	-117.37926	33.17629	-10.00	234.01	1
888	D0888	-117.37310	33.18120	-117.38049	33.17703	-10.01	236.01	1
889	D0889	-117.37370	33.18190	-117.38068	33.17734	-10.00	232.03	1
890	D0890	-117.37440	33.18260	-117.38109	33.17853	-10.00	233.99	1
891	D0891	-117.37500	33.18340	-117.38201	33.17937	-10.00	235.52	1
892	D0892	-117.37560	33.18410	-117.38248	33.17992	-10.01	234.02	1
893	D0893	-117.37620	33.18480	-117.38313	33.18066	-10.01	234.48	1
894	D0894	-117.37690	33.18560	-117.38390	33.18127	-10.00	233.53	1
895	D0895	-117.37750	33.18630	-117.38448	33.18214	-10.00	234.55	1
896	D0896	-117.37810	33.18700	-117.38508	33.18251	-10.00	232.45	1
897	D0897	-117.37880	33.18770	-117.38584	33.18342	-10.02	234.00	1
898	D0898	-117.37940	33.18850	-117.38626	33.18424	-10.00	233.42	1
899	D0899	-117.38010	33.18920	-117.38676	33.18484	-10.00	231.97	2
900	D0900	-117.38070	33.18990	-117.38760	33.18570	-10.01	233.97	1
901	D0901	-117.38130	33.19060	-117.38808	33.18616	-10.00	231.96	1
902	D0902	-117.38200	33.19130	-117.38875	33.18697	-10.00	232.53	1
903	D0903	-117.38270	33.19210	-117.38930	33.18763	-10.00	231.02	1
904	D0904	-117.38330	33.19270	-117.39023	33.18784	-10.00	230.04	1
905	D0905	-117.38400	33.19340	-117.39099	33.18813	-10.01	227.98	1
906	D0906	-117.38480	33.19410	-117.39236	33.18916	-10.00	232.02	1
907	D0907	-117.38540	33.19490	-117.39375	33.19045	-10.01	237.51	1
908	D0908	-117.38590	33.19560	-117.39403	33.19073	-10.00	234.41	1
909	D0909	-117.38660	33.19630	-117.39483	33.19139	-10.00	234.51	1
910	D0910	-117.38720	33.19710	-117.39577	33.19226	-10.00	235.99	1
911	D0911	-117.38780	33.19780	-117.39677	33.19283	-10.00	236.49	2
912	D0912	-117.38840	33.19860	-117.39751	33.19346	-10.04	236.01	2
913	D0913	-117.38900	33.19930	-117.39761	33.19367	-10.00	232.00	2
914	D0914	-117.38970	33.20000	-117.39810	33.19410	-10.01	229.99	2
915	D0915	-117.39040	33.20070	-117.39928	33.19457	-10.00	230.48	2
916	D0916	-117.39110	33.20140	-117.40031	33.19516	-10.00	231.00	2
917	D0917	-117.39170	33.20210	-117.40076	33.19553	-10.00	229.09	2
918	D0918	-117.39230	33.20290	-117.40076	33.19553	-10.00	223.85	2
919	D0919	-117.39290	33.20360	-117.40076	33.19553	-10.00	219.18	2
920	D0920	-117.39350	33.20430	-117.40076	33.19553	-10.00	214.71	2
921	D0921	-117.39420	33.20510	-117.40076	33.19553	-10.00	209.84	2
922	D0922	-117.39480	33.20580	-117.40076	33.19553	-10.00	205.90	2
923	D0923	-117.39550	33.20650	-117.40076	33.19553	-10.00	201.86	0
924	D0924	-117.39630	33.20700	-117.40076	33.19553	-10.00	198.02	0
925	D0925	-117.39720	33.20690	-117.40076	33.19553	-10.00	194.68	0
926	D0926	-117.39820	33.20650	-117.40076	33.19553	-10.00	191.05	0
927	D0927	-117.39910	33.20610	-117.40076	33.19553	-10.00	187.49	0
928	D0928	-117.40010	33.20580	-117.40076	33.19553	-10.00	183.08	0
929	D0929	-117.40120	33.20570	-117.40076	33.19553	-10.00	177.93	0
930	D0930	-117.40220	33.20550	-117.40220	33.20550	-10.28	999.99	0
931	D0931	-117.40300	33.20590	-117.40331	33.19843	-10.00	181.99	0
932	D0932	-117.40360	33.20670	-117.40836	33.20380	-10.00	233.94	0
933	D0933	-117.40430	33.20740	-117.40887	33.20425	-10.00	230.52	0
934	D0934	-117.40500	33.20810	-117.40939	33.20522	-10.00	231.90	0
935	D0935	-117.40560	33.20880	-117.41039	33.20654	-10.01	240.58	0
936	D0936	-117.40600	33.20960	-117.41107	33.20877	-10.00	258.93	0
937	D0937	-117.40600	33.21050	-117.41183	33.21071	-10.00	272.47	0
938	D0938	-117.40590	33.21140	-117.41218	33.21163	-10.00	272.51	0
939	D0939	-117.40590	33.21230	-117.41265	33.21230	-10.00	270.00	0
940	D0940	-117.40590	33.21320	-117.41417	33.21381	-10.08	275.04	0
941	D0941	-117.40570	33.21400	-117.41566	33.21577	-10.00	281.99	0
942	D0942	-117.40500	33.21470	-117.41573	33.21625	-10.00	279.80	0
943	D0943	-117.40440	33.21550	-117.41573	33.21625	-10.00	274.52	0
944	D0944	-117.40390	33.21630	-117.41573	33.21625	-10.00	269.71	2
945	D0945	-117.40410	33.21700	-117.41573	33.21625	-10.00	265.59	2
946	D0946	-117.40460	33.21780	-117.41573	33.21625	-10.00	260.55	2
947	D0947	-117.40520	33.21860	-117.41573	33.21625	-10.00	255.06	2
948	D0948	-117.40580	33.21930	-117.41573	33.21625	-10.00	249.84	2
949	D0949	-117.40630	33.22010	-117.41573	33.21625	-10.00	243.99	2
950	D0950	-117.40690	33.22090	-117.41573	33.21625	-10.00	237.81	2
951	D0951	-117.40750	33.22160	-117.41589	33.21704	-10.00	236.99	2
952	D0952	-117.40810	33.22240	-117.41640	33.21763	-10.00	235.51	2
953	D0953	-117.40860	33.22320	-117.41644	33.21769	-10.00	229.97	2
954	D0954	-117.40920	33.22390	-117.41644	33.21769	-10.00	224.29	2
955	D0955	-117.41020	33.22430	-117.41752	33.21917	-9.91	230.05	2
956	D0956	-117.41080	33.22510	-117.41917	33.22038	-9.99	236.02	1
957	D0957	-117.41140	33.22580	-117.41934	33.22070	-10.00	232.48	1
958	D0958	-117.41210	33.22650	-117.41976	33.22150	-10.00	232.04	1
959	D0959	-117.41270	33.22720	-117.42053	33.22217	-10.00	232.48	1
960	D0960	-117.41340	33.22790	-117.42146	33.22291	-10.00	233.50	1
961	D0961	-117.41400	33.22870	-117.42309	33.22357	-10.00	236.00	1
962	D0962	-117.41460	33.22940	-117.42361	33.22431	-10.00	235.97	1
963	D0963	-117.41520	33.23020	-117.42432	33.22496	-10.00	235.52	1
964	D0964	-117.41580	33.23090	-117.42490	33.22567	-10.00	235.51	2
965	D0965	-117.41640	33.23170	-117.42520	33.22617	-10.00	233.09	1
966	D0966	-117.41710	33.23240	-117.42582	33.22680	-10.00	232.49	2
967	D0967	-117.41770	33.23310	-117.42678	33.22768	-10.00	234.49	1
968	D0968	-117.41830	33.23380	-117.42751	33.22851	-10.07	235.52	2
969	D0969	-117.41890	33.23460	-117.42770	33.22907	-10.00	233.08	1
970	D0970	-117.41960	33.23530	-117.42857	33.22965	-10.00	233.02	2
971	D0971	-117.42020	33.23600	-117.42905	33.23101	-10.00	236.02	1
972	D0972	-117.42080	33.23680	-117.42973	33.23167	-9.99	235.52	1
973	D0973	-117.42140	33.23750	-117.42993	33.23241	-10.00	234.50	1
974	D0974	-117.42210	33.23830	-117.43021	33.23373	-10.00	236.03	1
975	D0975	-117.42260	33.23900	-117.43066	33.23454	-10.00	236.51	1
976	D0976	-117.42320	33.23970	-117.43144	33.23514	-10.00	236.51	1
977	D0977	-117.42380	33.24050	-117.43176	33.23601	-10.00	236.00	1
978	D0978	-117.42440	33.24120	-117.43252	33.23671	-10.00	236.53	1
979	D0979	-117.42500	33.24200	-117.43326	33.23735	-10.00	236.06	1
980	D0980	-117.42560	33.24270	-117.43379	33.23808	-10.00	236.00	1
981	D0981	-117.42620	33.24350	-117.43491	33.23859	-10.00	236.02	1
982	D0982	-117.42680	33.24420	-117.43540	33.23944	-10.00	236.50	1
983	D0983	-117.42740	33.24500	-117.43623	33.24002	-10.00	236.01	1
984	D0984	-117.42800	33.24570	-117.43680	33.24083	-10.03	236.51	1
985	D0985	-117.42860	33.24650	-117.43760	33.24152	-10.00	236.51	1
986	D0986	-117.42920	33.24720	-117.43813	33.24216	-10.00	235.99	1
987	D0987	-117.42980	33.24800	-117.43954	33.24282	-10.00	237.55	1
988	D0988	-117.43040	33.24880	-117.44000	33.24388	-10.09	238.50	1
989	D0989	-117.43090	33.24950	-117.44028	33.24469	-10.00	238.49	1
990	D0990	-117.43150	33.25030	-117.44083	33.24533	-10.00	237.51	1
991	D0991	-117.43210	33.25110	-117.44173	33.24617	-10.00	238.53	1
992	D0992	-117.43260	33.25180	-117.44262	33.24667	-9.93	238.53	1
993	D0993	-117.43320	33.25260	-117.44334	33.24741	-10.12	238.53	2
994	D0994	-117.43370	33.25340	-117.44340	33.24788	-10.00	235.77	1
995	D0995	-117.43440	33.25410	-117.44379	33.24881	-10.00	236.03	2
996	D0996	-117.43500	33.25490	-117.44427	33.24967	-10.00	236.00	1
997	D0997	-117.43560	33.25560	-117.44439	33.25036	-10.00	234.52	1
998	D0998	-117.43620	33.25630	-117.44490	33.25149	-10.00	236.53	1
999	D0999	-117.43680	33.25710	-117.44559	33.25214	-10.00	235.99	1
1000	D1000	-117.43740	33.25780	-117.44688	33.25246	-10.00	236.04	1
1001	D1001	-117.43800	33.25860	-117.44755	33.25321	-10.00	235.98	1
1002	D1002	-117.43860	33.25930	-117.44823	33.25397	-10.00	236.50	1
1003	D1003	-117.43920	33.26010	-117.44927	33.25442	-10.00	236.00	1
1004	D1004	-117.43980	33.26080	-117.45004	33.25513	-10.00	236.49	1
1005	D1005	-117.44040	33.26160	-117.45062	33.25584	-10.00	236.02	1
1006	D1006	-117.44100	33.26230	-117.45061	33.25698	-10.00	236.49	1
1007	D1007	-117.44160	33.26310	-117.45074	33.25804	-10.00	236.49	1
1008	D1008	-117.44220	33.26380	-117.45113	33.25837	-10.00	233.98	1
1009	D1009	-117.44280	33.26450	-117.45160	33.25886	-10.00	232.53	1
1010	D1010	-117.44350	33.26520	-117.45270	33.25961	-10.00	234.00	1
1011	D1011	-117.44410	33.26600	-117.45452	33.26056	-10.00	238.02	1
1012	D1012	-117.44470	33.26680	-117.45476	33.26123	-10.00	236.49	1
1013	D1013	-117.44530	33.26750	-117.45521	33.26159	-10.00	234.50	1
1014	D1014	-117.44590	33.26820	-117.45631	33.26233	-10.00	236.01	1
1015	D1015	-117.44650	33.26900	-117.45670	33.26325	-10.00	236.01	1
1016	D1016	-117.44710	33.26970	-117.45601	33.26477	-10.00	236.51	2
1017	D1017	-117.44770	33.27050	-117.45596	33.26542	-10.00	233.66	1
1018	D1018	-117.44840	33.27120	-117.45641	33.26607	-10.00	232.55	2
1019	D1019	-117.44900	33.27190	-117.45780	33.26693	-10.00	235.96	1
1020	D1020	-117.44960	33.27270	-117.45860	33.26752	-10.00	235.46	1
1021	D1021	-117.45020	33.27340	-117.45896	33.26778	-10.00	232.50	1
1022	D1022	-117.45090	33.27410	-117.45969	33.26836	-10.00	232.01	1
1023	D1023	-117.45150	33.27480	-117.46107	33.26898	-10.00	233.97	1
1024	D1024	-117.45220	33.27560	-117.46165	33.26976	-10.00	233.53	1
1025	D1025	-117.45280	33.27630	-117.46275	33.27036	-10.00	234.47	1
1026	D1026	-117.45340	33.27700	-117.46317	33.27061	-10.00	231.97	1
1027	D1027	-117.45410	33.27770	-117.46444	33.27142	-10.00	234.00	1
1028	D1028	-117.45470	33.27850	-117.46500	33.27269	-9.99	235.99	1
1029	D1029	-117.45530	33.27920	-117.46518	33.27320	-10.00	234.01	1
1030	D1030	-117.45590	33.27990	-117.46558	33.27402	-10.00	234.00	1
1031	D1031	-117.45660	33.28070	-117.46567	33.27519	-10.00	234.00	1
1032	D1032	-117.45720	33.28140	-117.46618	33.27594	-10.00	233.97	1
1033	D1033	-117.45780	33.28210	-117.46647	33.27644	-10.00	232.02	1
1034	D1034	-117.45850	33.28280	-117.46700	33.27735	-10.00	232.51	1
1035	D1035	-117.45920	33.28360	-117.46727	33.27869	-10.00	233.95	1
1036	D1036	-117.45980	33.28430	-117.46774	33.27911	-10.00	231.98	1
1037	D1037	-117.46050	33.28500	-117.46833	33.27989	-10.00	232.02	1
1038	D1038	-117.46110	33.28570	-117.46938	33.28068	-10.00	234.05	1
1039	D1039	-117.46170	33.28640	-117.47061	33.28138	-10.00	236.02	1
1040	D1040	-117.46230	33.28720	-117.47136	33.28210	-10.00	236.05	1
1041	D1041	-117.46290	33.28790	-117.47248	33.28250	-10.00	236.01	1
1042	D1042	-117.46350	33.28870	-117.47348	33.28308	-10.00	236.03	1
1043	D1043	-117.46410	33.28940	-117.47412	33.28375	-10.00	236.00	1
1044	D1044	-117.46470	33.29020	-117.47428	33.28480	-10.00	236.01	1
1045	D1045	-117.46530	33.29090	-117.47467	33.28521	-10.00	234.00	1
1046	D1046	-117.46600	33.29170	-117.47536	33.28601	-10.00	233.97	1
1047	D1047	-117.46660	33.29240	-117.47583	33.28690	-10.00	234.52	1
1048	D1048	-117.46720	33.29310	-117.47666	33.28786	-10.00	236.47	1
1049	D1049	-117.46780	33.29390	-117.47723	33.28859	-10.00	236.03	1
1050	D1050	-117.46840	33.29460	-117.47738	33.28874	-10.00	232.02	1
1051	D1051	-117.46910	33.29530	-117.47844	33.28931	-10.00	232.50	1
1052	D1052	-117.46970	33.29610	-117.47874	33.29007	-10.00	231.41	1
1053	D1053	-117.47040	33.29670	-117.47945	33.29068	-10.00	231.49	2
1054	D1054	-117.47110	33.29750	-117.48027	33.29183	-10.00	233.51	1
1055	D1055	-117.47170	33.29820	-117.48075	33.29240	-10.00	232.52	1
1056	D1056	-117.47240	33.29890	-117.48093	33.29292	-10.00	230.01	1
1057	D1057	-117.47310	33.29960	-117.48170	33.29409	-10.00	232.53	1
1058	D1058	-117.47370	33.30030	-117.48229	33.29469	-10.00	232.00	1
1059	D1059	-117.47440	33.30100	-117.48313	33.29540	-10.00	232.50	1
1060	D1060	-117.47500	33.30170	-117.48392	33.29583	-10.02	231.79	1
1061	D1061	-117.47570	33.30240	-117.48470	33.29693	-10.00	233.98	1
1062	D1062	-117.47630	33.30320	-117.48609	33.29778	-10.00	236.48	1
1063	D1063	-117.47690	33.30390	-117.48660	33.29844	-10.00	236.04	1
1064	D1064	-117.47750	33.30470	-117.48696	33.29885	-10.00	233.50	1
1065	D1065	-117.47820	33.30540	-117.48757	33.29950	-10.00	233.01	1
1066	D1066	-117.47880	33.30610	-117.48806	33.30005	-10.00	231.99	1
1067	D1067	-117.47950	33.30680	-117.48875	33.30031	-10.00	229.99	1
1068	D1068	-117.48020	33.30750	-117.48952	33.30096	-10.00	229.98	1
1069	D1069	-117.48090	33.30820	-117.49033	33.30204	-10.00	231.99	1
1070	D1070	-117.48150	33.30890	-117.49129	33.30235	-10.00	231.32	1
1071	D1071	-117.48220	33.30960	-117.49207	33.30315	-10.00	231.98	1
1072	D1072	-117.48280	33.31030	-117.49288	33.30371	-10.00	231.97	1
1073	D1073	-117.48350	33.31100	-117.49364	33.30484	-10.00	233.99	1
1074	D1074	-117.48410	33.31180	-117.49468	33.30583	-10.08	235.97	1
1075	D1075	-117.48470	33.31250	-117.49523	33.30645	-10.00	235.49	2
1076	D1076	-117.48530	33.31330	-117.49577	33.30672	-10.00	233.06	1
1077	D1077	-117.48600	33.31400	-117.49624	33.30707	-10.00	231.00	1
1078	D1078	-117.48670	33.31470	-117.49621	33.30755	-10.00	228.02	1
1079	D1079	-117.48740	33.31530	-117.49702	33.30806	-10.00	228.00	1
1080	D1080	-117.48810	33.31600	-117.49790	33.30913	-10.00	230.01	1
1081	D1081	-117.48880	33.31670	-117.49855	33.30986	-10.00	229.99	1
1082	D1082	-117.48950	33.31740	-117.49898	33.31076	-10.00	230.03	1
1083	D1083	-117.49020	33.31810	-117.49879	33.31207	-10.00	229.97	1
1084	D1084	-117.49090	33.31880	-117.49939	33.31285	-10.00	230.02	1
1085	D1085	-117.49160	33.31950	-117.50018	33.31304	-10.00	227.98	1
1086	D1086	-117.49230	33.32010	-117.50116	33.31355	-10.00	228.50	1
1087	D1087	-117.49300	33.32080	-117.50210	33.31442	-10.00	230.00	1
1088	D1088	-117.49370	33.32150	-117.50404	33.31425	-10.00	230.00	1
1089	D1089	-117.49440	33.32220	-117.50417	33.31466	-10.09	227.28	1
1090	D1090	-117.49510	33.32280	-117.50379	33.31591	-10.00	226.51	1
1091	D1091	-117.49590	33.32350	-117.50429	33.31720	-10.00	228.06	1
1092	D1092	-117.49660	33.32420	-117.50524	33.31814	-10.00	229.99	1
1093	D1093	-117.49730	33.32490	-117.50595	33.31839	-10.00	227.99	1
1094	D1094	-117.49800	33.32550	-117.50667	33.31898	-10.01	228.01	1
1095	D1095	-117.49870	33.32620	-117.50806	33.31976	-10.00	230.53	1
1096	D1096	-117.49940	33.32690	-117.50864	33.32042	-9.99	229.99	1
1097	D1097	-117.50010	33.32760	-117.50903	33.32134	-10.00	230.01	1
1098	D1098	-117.50080	33.32830	-117.50960	33.32168	-10.00	228.00	1
1099	D1099	-117.50150	33.32890	-117.51054	33.32210	-10.00	228.01	1
1100	D1100	-117.50220	33.32960	-117.51167	33.32296	-10.09	230.00	1
1101	D1101	-117.50290	33.33030	-117.51208	33.32387	-10.00	230.03	1
1102	D1102	-117.50360	33.33100	-117.51315	33.32431	-10.00	230.02	1
1103	D1103	-117.50430	33.33170	-117.51386	33.32500	-9.91	230.01	1
1104	D1104	-117.50500	33.33240	-117.51507	33.32546	-10.00	230.48	1
1105	D1105	-117.50570	33.33310	-117.51536	33.32564	-10.00	227.25	1
1106	D1106	-117.50640	33.33370	-117.51625	33.32629	-10.00	228.00	1
1107	D1107	-117.50710	33.33440	-117.51682	33.32722	-10.00	228.52	1
1108	D1108	-117.50790	33.33510	-117.51718	33.32748	-10.00	225.50	1
1109	D1109	-117.50860	33.33570	-117.51829	33.32788	-10.00	225.99	1
1110	D1110	-117.50940	33.33640	-117.51916	33.32839	-10.00	225.51	1
1111	D1111	-117.51010	33.33700	-117.51944	33.32893	-10.00	224.04	1
1112	D1112	-117.51090	33.33760	-117.51927	33.32983	-10.00	221.99	1
1113	D1113	-117.51170	33.33820	-117.52052	33.33002	-10.00	222.02	1
1114	D1114	-117.51250	33.33880	-117.52120	33.33072	-10.00	221.98	1
1115	D1115	-117.51330	33.33940	-117.52171	33.33159	-10.00	221.98	1
1116	D1116	-117.51410	33.34000	-117.52225	33.33202	-10.00	220.47	1
1117	D1117	-117.51500	33.34060	-117.52322	33.33284	-10.00	221.51	1
1118	D1118	-117.51570	33.34120	-117.52485	33.33329	-10.00	224.02	1
1119	D1119	-117.51650	33.34180	-117.52534	33.33361	-10.00	222.04	1
1120	D1120	-117.51730	33.34240	-117.52607	33.33427	-10.00	222.03	1
1121	D1121	-117.51810	33.34300	-117.52681	33.33492	-10.00	222.01	1
1122	D1122	-117.51890	33.34360	-117.52760	33.33553	-10.00	222.01	1
1123	D1123	-117.51970	33.34420	-117.52856	33.33598	-10.00	222.00	1
1124	D1124	-117.52050	33.34480	-117.52940	33.33654	-10.00	221.99	1
1125	D1125	-117.52130	33.34540	-117.53049	33.33688	-10.00	222.02	1
1126	D1126	-117.52210	33.34600	-117.53084	33.33790	-10.01	222.03	1
1127	D1127	-117.52290	33.34660	-117.53100	33.33868	-10.00	220.51	1
1128	D1128	-117.52380	33.34720	-117.53175	33.33928	-10.00	219.98	1
1129	D1129	-117.52460	33.34780	-117.53283	33.34016	-10.00	221.99	1
1130	D1130	-117.52540	33.34840	-117.53321	33.34035	-10.00	219.03	1
1131	D1131	-117.52620	33.34890	-117.53417	33.34038	-10.01	218.01	1
1132	D1132	-117.52710	33.34950	-117.53475	33.34188	-10.00	219.99	1
1133	D1133	-117.52790	33.35010	-117.53512	33.34256	-10.00	218.66	1
1134	D1134	-117.52870	33.35060	-117.53616	33.34262	-10.00	217.99	1
1135	D1135	-117.52960	33.35120	-117.53764	33.34320	-10.00	220.02	1
1136	D1136	-117.53040	33.35180	-117.53850	33.34351	-10.00	219.22	1
1137	D1137	-117.53120	33.35230	-117.53909	33.34386	-10.00	217.99	1
1138	D1138	-117.53210	33.35290	-117.54025	33.34493	-10.00	220.51	1
1139	D1139	-117.53290	33.35350	-117.54131	33.34569	-10.00	221.97	1
1140	D1140	-117.53370	33.35410	-117.54234	33.34608	-10.00	221.99	1
1141	D1141	-117.53450	33.35470	-117.54339	33.34645	-10.00	221.99	1
1142	D1142	-117.53530	33.35530	-117.54417	33.34707	-9.99	222.00	1
1143	D1143	-117.53610	33.35590	-117.54495	33.34769	-10.00	222.00	1
1144	D1144	-117.53690	33.35650	-117.54633	33.34775	-10.00	222.00	1
1145	D1145	-117.53770	33.35710	-117.54667	33.34893	-10.01	222.52	1
1146	D1146	-117.53850	33.35770	-117.54748	33.34922	-10.00	221.50	1
1147	D1147	-117.53930	33.35830	-117.54882	33.34915	-10.00	220.99	2
1148	D1148	-117.54010	33.35890	-117.54909	33.34922	-10.00	217.80	1
1149	D1149	-117.54100	33.35940	-117.54974	33.35023	-10.00	218.53	1
1150	D1150	-117.54180	33.36000	-117.55215	33.35022	-10.00	221.48	1
1151	D1151	-117.54260	33.36060	-117.55331	33.35135	-10.00	224.04	1
1152	D1152	-117.54340	33.36130	-117.55472	33.35217	-10.00	226.00	2
1153	D1153	-117.54410	33.36190	-117.55486	33.35238	-10.00	223.35	2
1154	D1154	-117.54490	33.36250	-117.55501	33.35262	-10.02	220.52	2
1155	D1155	-117.54570	33.36310	-117.55502	33.35278	-10.00	217.03	2
1156	D1156	-117.54660	33.36360	-117.55591	33.35347	-10.00	217.51	2
1157	D1157	-117.54740	33.36420	-117.55682	33.35378	-10.00	217.06	2
1158	D1158	-117.54830	33.36470	-117.55706	33.35385	-10.00	214.00	2
1159	D1159	-117.54920	33.36520	-117.55706	33.35385	-10.00	210.05	2
1160	D1160	-117.55010	33.36560	-117.55706	33.35385	-10.00	206.33	2
1161	D1161	-117.55110	33.36600	-117.55801	33.35392	-10.00	205.54	2
1162	D1162	-117.55210	33.36640	-117.55913	33.35489	-10.00	207.03	2
1163	D1163	-117.55300	33.36690	-117.55965	33.35548	-10.00	205.94	1
1164	D1164	-117.55400	33.36720	-117.55965	33.35548	-10.00	201.93	2
1165	D1165	-117.55500	33.36750	-117.56075	33.35619	-10.00	203.01	2
1166	D1166	-117.55600	33.36790	-117.56300	33.35818	-10.00	211.03	1
1167	D1167	-117.55680	33.36840	-117.56521	33.35925	-10.00	217.51	1
1168	D1168	-117.55770	33.36900	-117.56622	33.35973	-10.00	217.51	2
1169	D1169	-117.55850	33.36960	-117.56630	33.35981	-10.00	213.64	1
1170	D1170	-117.55950	33.37000	-117.56629	33.36018	-10.00	210.01	2
1171	D1171	-117.56040	33.37040	-117.56643	33.36031	-10.00	206.53	1
1172	D1172	-117.56140	33.37080	-117.56757	33.36069	-10.00	207.01	1
1173	D1173	-117.56230	33.37120	-117.56889	33.36147	-10.00	209.50	1
1174	D1174	-117.56330	33.37170	-117.57044	33.36215	-10.00	211.98	1
1175	D1175	-117.56420	33.37220	-117.57224	33.36261	-10.00	215.00	1
1176	D1176	-117.56500	33.37270	-117.57316	33.36298	-10.00	215.04	1
1177	D1177	-117.56590	33.37320	-117.57413	33.36391	-10.00	216.50	1
1178	D1178	-117.56680	33.37380	-117.57491	33.36514	-10.00	218.03	1
1179	D1179	-117.56760	33.37430	-117.57585	33.36547	-10.00	217.97	1
1180	D1180	-117.56850	33.37490	-117.57738	33.36666	-10.05	221.99	1
1181	D1181	-117.56920	33.37550	-117.57983	33.36818	-10.00	230.49	2
1182	D1182	-117.56980	33.37630	-117.58075	33.36924	-10.00	232.33	2
1183	D1183	-117.57040	33.37700	-117.58075	33.36924	-10.00	228.08	2
1184	D1184	-117.57100	33.37780	-117.58075	33.36924	-10.00	223.57	2
1185	D1185	-117.57170	33.37840	-117.58075	33.36924	-10.00	219.53	2
1186	D1186	-117.57250	33.37900	-117.58075	33.36924	-10.00	215.22	2
1187	D1187	-117.57340	33.37950	-117.58075	33.36924	-10.00	210.89	2
1188	D1188	-117.57430	33.38000	-117.58075	33.36924	-10.00	206.59	2
1189	D1189	-117.57530	33.38030	-117.58075	33.36924	-10.00	202.37	2
1190	D1190	-117.57640	33.38040	-117.58075	33.36924	-10.00	198.03	2
1191	D1191	-117.57750	33.38050	-117.58099	33.36960	-10.00	194.97	2
1192	D1192	-117.57850	33.38070	-117.58149	33.36987	-10.00	192.98	2
1193	D1193	-117.57960	33.38090	-117.58244	33.37020	-10.00	192.50	2
1194	D1194	-117.58060	33.38110	-117.58397	33.37188	-10.00	196.97	2
1195	D1195	-117.58160	33.38140	-117.58540	33.37267	-10.00	199.98	2
1196	D1196	-117.58260	33.38170	-117.58596	33.37281	-10.00	197.52	2
1197	D1197	-117.58370	33.38200	-117.58605	33.37284	-10.00	192.09	1
1198	D1198	-117.58470	33.38210	-117.58635	33.37291	-10.00	188.53	2
1199	D1199	-117.58580	33.38220	-117.58762	33.37312	-10.00	189.50	1
1200	D1200	-117.58690	33.38240	-117.58861	33.37346	-10.00	189.08	1
1201	D1201	-117.58790	33.38250	-117.59070	33.37461	-10.00	196.51	1
1202	D1202	-117.58890	33.38290	-117.59424	33.37629	-10.01	214.00	1
1203	D1203	-117.58970	33.38350	-117.59557	33.37766	-10.01	220.01	2
1204	D1204	-117.59050	33.38410	-117.59569	33.37775	-10.00	214.31	1
1205	D1205	-117.59140	33.38450	-117.59583	33.37784	-10.01	209.05	2
1206	D1206	-117.59240	33.38490	-117.59653	33.37812	-10.00	206.96	2
1207	D1207	-117.59330	33.38530	-117.59760	33.37895	-10.01	209.49	1
1208	D1208	-117.59430	33.38580	-117.59937	33.38048	-10.01	218.51	1
1209	D1209	-117.59500	33.38640	-117.60126	33.38170	-10.00	228.04	1
1210	D1210	-117.59570	33.38710	-117.60207	33.38302	-10.01	232.51	1